0.9999968856923017 -9.719155522244479e-05
0.9998865948879637 -9.835434364786596e-05
0.9995557374780587 -0.00010179554159724102
0.9990043605636038 -0.00010737745166987302
0.9982325487245005 -0.00011488055817090786
0.9972404316849888 -0.0001240193439001275
0.9960281970705661 -0.0001344620180762689
0.9945961038537623 -0.00014585534577885723
0.9929444996944387 -0.00015785198590658085
0.9910738388776845 -0.0001701389304442141
0.9889847016484314 -0.00018246744678530793
0.9866778128537173 -0.00019467951853356733
0.9841540594880133 -0.0002067328839037766
0.9814145053518865 -0.0002187199678000283
0.9784604017216001 -0.00023088180516484522
0.975293192937299 -0.00024361345320375333
0.9719145163058514 -0.0002574626911698635
0.9683261943229375 -0.00027311990334293415
0.964530220413513 -0.000291399547824298
0.9605287376862706 -0.0003132152100502198
0.9563240108032002 -0.00033954774124342725
0.9519183936585541 -0.0003714090876968043
0.9473142932632843 -0.00040980361175905447
0.9425141323310128 -0.00045568870998119546
0.9375203143602806 -0.0005099371367221547
0.9323351924084861 -0.0005733031358307547
0.9269610449564054 -0.0006463928878328018
0.9214000620536814 -0.0007296436796056024
0.9156543422518273 -0.0008233087976397021
0.9097259024138188 -0.0009274531494649645
0.903616701407263 -0.0010419564154338895
0.897328675675468 -0.0011665263264854348
0.8908637859920967 -0.0013007194663658783
0.8842240726950387 -0.0014439715924017154
0.8774117169069403 -0.001595634069369579
0.8704291023402154 -0.0017550174046603532
0.863278875393102 -0.0019214388797185607
0.8559639988398333 -0.002094272867489615
0.8484877947162466 -0.0022730032262612333
0.8408539741119777 -0.0024572726648850653
0.8330666513685939 -0.002646929373914683
0.8251303402939404 -0.0028420662174265124
0.8170499323951044 -0.0030430513855263346
0.808830658136114 -0.0032505477097333106
0.800478031522773 -0.0034655195418997263
0.7919977809181232 -0.0036892256030075497
0.783395769087215 -0.003923198408396143
0.7746779050718351 -0.00416920997510354
0.7658500526884063 -0.004429226921803129
0.7569179390488336 -0.004705355068765428
0.7478870656942352 -0.0049997781435156
0.7387626282382697 -0.005314692105076237
0.7295494470106555 -0.005652239392248244
0.7202519106960699 -0.006014445300295133
0.7108739388625136 -0.006403159198917308
0.7014189626747718 -0.006820002589981908
0.6918899274892492 -0.007266325713089574
0.6822893181282088 -0.0077431736007242515
0.6726192062340713 -0.008251261281675552
0.6628813195029036 -0.008790958532295693
0.6530771300979746 -0.009362283769691726
0.6432079607453498 -0.009964906183577359
0.6332751016124152 -0.010598155691706954
0.6232799367693334 -0.01126104071626946
0.6132240708369499 -0.011952272160704559
0.6031094527185362 -0.012670294780163911
0.5929384888184462 -0.013413324529012787
0.5827141401485727 -0.014179391473135643
0.5724399980245855 -0.014966387355465816
0.5621203337550197 -0.015772116404690558
0.5517601178262849 -0.016594347977300982
0.5413650072905906 -0.017430867830153816
0.5309413002618181 -0.01827952572114659
0.5204958575234891 -0.01913827743801083
0.5100359950577826 -0.020005217163537013
0.4995693499971235 -0.02087859948269618
0.48910372750378833 -0.02175684854805358
0.4786469339764222 -0.02263855491527356
0.4682066046856328 -0.02352245906641877
0.4577900356307725 -0.02440742524245064
0.4474040261192015 -0.025292404999136722
0.4370547412544647 -0.02617639670645459
0.42674760313423254 -0.02705840061072346
0.41648721484444906 -0.027937375668408423
0.4062773242485774 -0.028812198666892795
0.3961208306647234 -0.02968162893898519
0.38601983532845163 -0.030544279673125455
0.37597573603844914 -0.03139859712016068
0.36598936198723475 -0.03224284668795246
0.3560611460729852 -0.03307510771791098
0.3461913247968724 -0.03389327492182658
0.33638016014483313 -0.03469506696676019
0.3266281707527081 -0.03547804268023845
0.31693636275586695 -0.03623962435477643
0.3073064476211634 -0.03697712912397249
0.29774103486124937 -0.03768780838373378
0.28824378942974344 -0.038368895936340915
0.2788195416009977 -0.03901766313069579
0.2694743429364438 -0.039631480084768904
0.26021545944540764 -0.04020787937080598
0.2510513003480454 -0.04074461865980591
0.24199128025067448 -0.0412397376204735
0.23304561924835118 -0.041691602282497076
0.22422508546167563 -0.042098933673992235
0.2155406925213431 -0.04246081456044226
0.2070033630017266 -0.04277667370917462
0.19862357420847776 -0.04304624541521731
0.1904110029115838 -0.04326950822480098
0.18237418761487662 -0.043446606997143124
0.17452022374709736 -0.043577765138151016
0.16685450945611807 -0.04366319544470248
0.1593805547881523 -0.04370301788745608
0.15209986633291375 -0.043697193058611604
0.14501191402771407 -0.04364547449925454
0.13811418660759206 -0.04354738582047443
0.13140233470868648 -0.04340221931608006
0.12487039933163391 -0.043209052961892494
0.11851111607878059 -0.042966779480652646
0.11231628308752746 -0.04267413724612597
0.1062771757755822 -0.042329735789490563
0.10038498721805511 -0.041932066761702864
0.0946312728621312 -0.0414794977053011
0.08900837618505604 -0.04097024598451739
0.08350981678389773 -0.04040233813325863
0.07813062218030312 -0.03977356228007347
0.07286759461732373 -0.039081424131068174
0.0677195057223236 -0.03832311839522801
0.062687218407781 -0.037495528550801925
0.05777374018943207 -0.03659526436190623
0.05298421170798032 -0.03561874345363631
0.04832583624670988 -0.034562320458352495
0.04380775324827306 -0.03342246223969939
0.03944085654856961 -0.03219596099590808
0.03523755564782648 -0.03088017603868801
0.031211477155159983 -0.029473287641411168
0.02737710284989749 -0.027974543148768734
0.023749346204233388 -0.026384474951882342
0.020343072319435735 -0.024705066439635017
0.017172575122771924 -0.022939844356429744
0.014251035056566124 -0.021093883217108284
0.011589986384886328 -0.01917371014264929
0.009198828411004898 -0.017187113291592757
0.007084417182381437 -0.015142864567146171
0.005250766732618907 -0.013050379763508353
0.0036988848002386223 -0.010919343705976775
0.0024267525462373036 -0.008759336105731782
0.0014294497059573756 -0.006579487632505075
0.0006994126145500645 -0.0043881939777503385
0.00022680826782930537 -0.0021929053715617915
0.0 0.0
6.0811864024373645e-06 0.002185262428738441
0.00023145363776072916 0.004358737420369891
0.000662425288314439 0.006517298088185197
0.001285807516863371 0.0086587068474401
0.002089493545216015 0.0107815225511811
0.0030629924164210635 0.0128849984231192
0.004197893937192109 0.01496900944143529
0.005488242902715006 0.01703401752091762
0.006930796901495486 0.019081073449595153
0.008525151385426144 0.021111848815502904
0.010273719363801432 0.023128679051158615
0.012181566777572777 0.02513459759339475
0.014256114303338492 0.027133338035000214
0.016506728546804707 0.029129285817954532
0.018944234295266513 0.031127365499015045
0.021580381727717167 0.03313286291357799
0.024427304792114177 0.03515118655869661
0.027496999586664295 0.037187585032280195
0.03080084488878006 0.039246840480132265
0.03434917988652201 0.04133296311798876
0.03815094376321379 0.043448910018448784
0.04221337848111746 0.045596349159906915
0.04654179200285495 0.047775486443563484
0.05113937847505882 0.049984966886134595
0.05600709368627547 0.052221855491963565
0.06114358679999236 0.0544816982023478
0.06654519165032562 0.05675865721488299
0.07220598177631964 0.059045709663673174
0.07811789586206451 0.06133489464580098
0.08427093434241965 0.06361759019235384
0.0906534291306343 0.06588480017968341
0.09725237852614485 0.06812743209820736
0.10405383736127143 0.07033654680043275
0.11104334646303211 0.07250356936297284
0.11820637910521624 0.07462044971131551
0.125528785051637 0.07667977344973705
0.13299720759280773 0.0786748239501156
0.1405994542933508 0.08059960364180178
0.14832480457181463 0.08244882443945319
0.15616423983631417 0.08421787804005659
0.16411059069829848 0.08590279630113279
0.17215859368434902 0.08750021081670971
0.18030486225408274 0.08900731538056654
0.18854777343420925 0.09042183593389606
0.1968872799656587 0.09174200657575529
0.20532465885851017 0.09296654921249044
0.21386221014922405 0.09409465431598532
0.2225029215516186 0.09512595885643436
0.23125011629215306 0.09606051707184521
0.24010710263187593 0.09689876513384064
0.249076839969978 0.09764147737720574
0.25816163983327634 0.0982897160531841
0.2673629119612195 0.09884477898422384
0.2766809676907566 0.09930814709350802
0.28611488605089014 0.09968143629745829
0.2956624454747727 0.09996635735486595
0.3053201216332798 0.10016468547155365
0.3150831463911639 0.10027824017149267
0.3249456216879895 0.10030887644792207
0.3349006808357806 0.10025848351086786
0.3449406850312267 0.10012899015772535
0.3550574453726344 0.09992237228811153
0.36524245677794387 0.09964066089271209
0.3754871343953092 0.09928594663667308
0.3857830376049671 0.0988603804700995
0.3961220755078204 0.09836616817899596
0.4064966821036039 0.09780556020243185
0.4168999550588664 0.09718083682926182
0.4273257547682739 0.09649429038160803
0.4377687582140532 0.09574820659711888
0.4482244696259764 0.0949448463056303
0.4586891877449447 0.09408642880066373
0.46915993489278307 0.09317511809439438
0.4796343504478003 0.0922130118504087
0.4901105584274051 0.09120213357305249
0.5005870136755803 0.09014442704353826
0.5110623374547524 0.08904175277921178
0.5215351492416049 0.08789588630111816
0.5320039041250616 0.08670851738932822
0.5424667434083926 0.08548125120941473
0.5529213649152054 0.08421561119587474
0.563364919201274 0.08291304457894719
0.5737939361735083 0.08157493114499063
0.5842042825173711 0.08020259582954557
0.594591154034046 0.07879732573412039
0.6049490989849613 0.077360390475226
0.6152720715423603 0.07589306526762746
0.6255535116461463 0.07439665684989773
0.6357864465565235 0.07287252746255571
0.6459636076055094 0.07132211829298953
0.656077558035527 0.06974696699613757
0.6661208244277177 0.06814872050731367
0.6760860254112498 0.06652913916095331
0.6859659941571259 0.06489009372292541
0.6957538869536659 0.06323355405323941
0.70544327586586 0.06156157040351553
0.7150282216842766 0.0598762499575163
0.7245033245659399 0.05817972972041822
0.7338637531719794 0.05647414795507008
0.743105250210145 0.05476161786981838
0.7522241173837068 0.05304420425134209
0.7612171805522043 0.051323905540742745
0.7700817369060047 0.04960264224895428
0.7788154895572802 0.04788225289966919
0.7874164691441298 0.04616449600065879
0.795882949651539 0.04445105972774972
0.8042133593410954 0.042743575619498465
0.8124061925929363 0.041043637869885984
0.8204599252503118 0.039352823813360936
0.8283729374702496 0.03767271719348682
0.83614344807288 0.0360049308064599
0.8437694621887619 0.03435112821556553
0.8512487353022381 0.03271304362980017
0.8585787548892836 0.031092499244039014
0.8657567396485377 0.02949141944075025
0.8727796565235547 0.027911840952821267
0.8796442533151805 0.026355918492305463
0.886347104885158 0.024825926349459092
0.8928846691448484 0.023324253170378704
0.899253349832136 0.021853391319791783
0.905449561274998 0.02041592013949135
0.91146979173694 0.01901448090984978
0.9173106611526121 0.017651747323580828
0.9229689705450864 0.01633038757765942
0.9284417392359549 0.015053023191909463
0.9337262308432146 0.013822182252080012
0.9388199652770023 0.012640251683517512
0.9437207175333929 0.011509428653685594
0.9484265053917214 0.010431673598937504
0.9529355673193577 0.009408666672696015
0.9572463329907043 0.00844177070978867
0.9613573893186593 0.0075319999006031955
0.9652674456066241 0.006679997867187147
0.9689752981197421 0.0058860245406377135
0.9724797994790718 0.005149953527977197
0.9757798320754179 0.004471278470265961
0.9788742877087133 0.003849131087138788
0.9817620552472713 0.00328230830383744
0.9844420135066895 0.002769308366858344
0.9869130329490566 0.0023083762403477838
0.9891739818978839 0.001897556192646191
0.9912237385663506 0.0015347504701433774
0.993061207196249 0.0012177828621624696
0.9946853357034809 0.0009444652625588022
0.9960951359257334 0.0007126652256347365
0.99728970366797 0.0005203725224939108
0.9982682374407128 0.0003657624002442279
0.9990300557880586 0.00024725414427141483
0.9995746124982167 0.00016356164512074632
0.9999015086943867 0.00011373497217457033
1.0000105013029195 9.719155522160215e-05
