1.0000158992234662 -0.00014185155304881
0.9999046930297814 -0.0001330715413782749
0.9995710863221371 -0.00010671987915151582
0.9990151157280874 -6.276488242513327e-05
0.9982368492519801 -1.1646953905590507e-06
0.9972363958081295 7.811823141461172e-05
0.9960139185693202 0.00017509597161309955
0.9945696510205692 0.0002897316596822243
0.9929039166234112 0.0004219114359025925
0.991017149179723 0.0005714165929089406
0.9889099150966887 0.0007378952265924257
0.9865829347469586 0.0009208359849368181
0.9840371029187372 0.0011195462147825747
0.9812735067560319 0.0013331344028557866
0.9782934393799094 0.001560500906930334
0.9750984080932839 0.0018003358746076453
0.9716901370641949 0.0020511265494793252
0.9680705616898767 0.002311172958264568
0.9642418162379494 0.002578613582581421
0.9602062131706884 0.0028514584116954445
0.9559662154537453 0.0031276287792237558
0.9515244030529756 0.0034050023865460875
0.9468834344257867 0.0036814607147618496
0.9420460060104302 0.00395493733206574
0.9370148128214724 0.0042234635036489335
0.9317925110535026 0.004485210206188788
0.9263816884008469 0.004738523159986386
0.9207848425946633 0.00498195027989823
0.9150043721622109 0.005214259454225807
0.9090425798073799 0.005434447052477742
0.9029016899159122 0.005641735665442842
0.8965838794816499 0.005835562675967094
0.8900913213561046 0.006015558657918801
0.8834262373156324 0.0061815180976114055
0.8765909579462178 0.006333362430815394
0.8695879848408461 0.006471097585050547
0.8624200517078681 0.006594766719372307
0.8550901798834996 0.006704401151341386
0.8476017240438901 0.006799971461555355
0.8399584045149368 0.006881339567497735
0.8321643240697743 0.006948216161885007
0.8242239670116596 0.007000124510471959
0.8161421798365266 0.007036373107706105
0.8079241340692597 0.007056039791598097
0.7995752721755107 0.007057966519870841
0.7911012390405868 0.007040768513101429
0.7825078015215805 0.007002855070586851
0.7738007600715878 0.006942462568090363
0.764985855440129 0.0068576978443418
0.7560686752561686 0.006746589187289048
0.7470545641971593 0.006607143428575875
0.7379485412532598 0.006437405154269989
0.7287552292926651 0.006235515443753818
0.7194787987337681 0.0059997676409056806
0.7101229304300928 0.005728657569254862
0.700690798770972 0.005420926893403555
0.6911850784029981 0.005075597434505837
0.6816079740699597 0.004691997438656344
0.6719612749758354 0.004269777801399184
0.6622464322649023 0.003808920845144982
0.6524646562221678 0.003309740241715218
0.6426170317904664 0.0027728736768043447
0.6327046459033261 0.002199268641476593
0.6227287223320067 0.0015901620408505972
0.6126907580492518 0.0009470525062374709
0.6025926544040398 0.0002716678953858375
0.5924368366114815 -0.0004340738340434878
0.5822263554551237 -0.0011681091917425284
0.5719649660982437 -0.0019282776744414833
0.5616571785036901 -0.002712374050607382
0.5513082754549528 -0.0035182012193226164
0.5409242967743442 -0.00434362184655343
0.5305119889341751 -0.005186606980644709
0.520078719848331 -0.006045276147513408
0.5096323625442398 -0.006917928917069296
0.4991811516065202 -0.007803064131943762
0.4887335186902346 -0.008699385884104944
0.47829791380327036 -0.009605796024019723
0.4678826207569107 -0.01052137278313152
0.45749557499167337 -0.011445338590871481
0.44714419408296746 -0.012377019062615546
0.4368352270320478 -0.013315795544614872
0.42657463335506013 -0.014261056790699998
0.4163674955719981 -0.015212150562514258
0.4062179731069998 -0.016168340134947036
0.39612930050295275 -0.017128767000123744
0.3861038311540655 -0.018092421367200903
0.37614312775755115 -0.019058120955217573
0.3662480955842002 -0.020024497987932568
0.35641915396625434 -0.020989993701181233
0.3466564405005348 -0.021952859475346607
0.3369600362647944 -0.022911163719735003
0.32733020414708636 -0.02386280442694358
0.31776762688566496 -0.024805526327902803
0.3082736323217419 -0.025736943676210305
0.29885039506489675 -0.02665456858648358
0.2895011003723237 -0.027555845459241654
0.2802300613389615 -0.028438190212696106
0.2710427793994489 -0.02929903474434575
0.2619459421355098 -0.030135873836119702
0.25294735418237024 -0.030946311712692097
0.24405580032550642 -0.03172810445503913
0.2352808446794741 -0.03247919466031856
0.2266325711391877 -0.033197734136177076
0.2181212754953804 -0.03388209100568381
0.20975712361352059 -0.034530840889921206
0.20154978817134306 -0.03514274003961955
0.19350808526776214 -0.035716685967053276
0.185639626606558 -0.03625166704224919
0.1779505070719573 -0.036746708508154036
0.17044504541323288 -0.03720082237421691
0.16312559295064666 -0.03761296655425809
0.15599242551505976 -0.037982018613809086
0.1490437259317228 -0.0383067687101983
0.14227566464112829 -0.03858592860798973
0.1356825780546371 -0.038818155770693245
0.12925723962337046 -0.03900208314021886
0.1229912112027698 -0.03913634693248534
0.11687526009088427 -0.03921960288263581
0.11089981641663971 -0.03925052059781285
0.1050554479696789 -0.0392277523699336
0.09933332476703687 -0.03914987441189037
0.09372564706427602 -0.039015303877383355
0.08822601873196348 -0.038822200805802204
0.08282974692730441 -0.03856836803585266
0.07753406428864507 -0.03825116119659679
0.07233826949223648 -0.037867425985477925
0.06724379349528016 -0.037413473216588874
0.062254198788818445 -0.03688510192244311
0.0573751238723438 -0.03627767568130254
0.052614179651024794 -0.03558625255472104
0.04798080735002893 -0.03480576621333046
0.043486097328085414 -0.033931250452263195
0.039142569465788 -0.03295809639463666
0.03496390899545531 -0.031882327897104004
0.030964652336159377 -0.030700879269876157
0.027159817685397387 -0.02941185412317649
0.023564480023219547 -0.02801474604086538
0.020193296778197378 -0.026510598966868717
0.01705999871466952 -0.024902089571029212
0.014176870410521028 -0.023193518138550882
0.011554250112367775 -0.02139070221482327
0.009200086879265318 -0.019500777818838883
0.007119587845536191 -0.01753192155007165
0.005314987959411545 -0.015493018314799293
0.0037854632619973142 -0.013393302823715224
0.002527197482781156 -0.011242008138534099
0.001533600012358344 -0.00904804777210071
0.0007956621080471013 -0.006819755672160484
0.0003024309585476102 -0.004564695535468361
4.157341527412077e-05 -0.0022895428167925003
0.0 0.0
0.00016452296998776045 0.002299175708538816
0.0005225141554694272 0.004604113085942067
0.0010625294708311596 0.0069118227226504765
0.0017748731845682146 0.009220167114269212
0.0026520726370439594 0.01152785344843561
0.0036892357068124032 0.013834448723293256
0.004884269228995686 0.0161404156476643
0.00623794780123224 0.018447153798691506
0.0077538274172772835 0.020757028524174423
0.00943801737744571 0.023073366120335944
0.01129882911912097 0.025400396427654265
0.013346334399298625 0.02774312891897814
0.01559186743571358 0.030107159459151153
0.018047506900504058 0.03249841041833292
0.020725568032676642 0.034922818908351645
0.023638130326949003 0.037385991700423074
0.026796614244443816 0.03989285065508218
0.03021141299141359 0.04244729217823215
0.033891580017456326 0.045051881904858065
0.03784456648469859 0.04770760579729883
0.04207600268117404 0.05041368934431
0.04658951875070616 0.05316749695035335
0.0513866032276222 0.05596451661166599
0.05646650187560518 0.05879843018483166
0.06182616244120098 0.06166126466068809
0.06746023613958178 0.06454361676831737
0.07336114480711463 0.06743493582953598
0.07951922336031894 0.07032384758590945
0.08592294330790494 0.07319849861139548
0.09255921456672785 0.07604689910426286
0.09941376002906638 0.07885724334551932
0.10647154602499996 0.08161818868520469
0.11371724900512115 0.08431908201147463
0.12113573196288516 0.08695012524182373
0.12871250519872343 0.089502478878296
0.1364341449079034 0.09196831146598948
0.14428864767891256 0.09434080070469825
0.15226570466623407 0.09661410197656033
0.1603568822164858 0.09878329345946506
0.1685557055181663 0.10084431081840166
0.1768576451580661 0.10279387887450035
0.18526001106899292 0.10462944696205183
0.19376176556580282 0.10634912930028886
0.20236326676902142 0.10795165070580148
0.2110659597171546 0.10943629718519585
0.21987203227794666 0.1108028669471599
0.22878405475830735 0.11205162197720807
0.23780462081904358 0.11318323751540761
0.2469360085948043 0.11419874928035999
0.25617987651530794 0.11509950017263078
0.26553700742140635 0.11588708928875888
0.27500711107595854 0.11656332326896916
0.2845886910562198 0.11713017579231066
0.29427897902888184 0.11758975472609054
0.3040739362011261 0.11794427982913767
0.31396831725182284 0.11819606919814049
0.3239557912426623 0.1183475345444658
0.33402910981725564 0.11840118177925926
0.3441803109928163 0.11835961488004547
0.3544009497533742 0.11822553911868929
0.3646823390514331 0.11800176061317835
0.37501579181970046 0.11769118148170665
0.38539285080001956 0.11729678746884516
0.395805495886328 0.11682162942021394
0.40624632008212197 0.11626879838527904
0.41670866676580637 0.1156413972315529
0.4271867238623399 0.11494250946012274
0.43767557221133685 0.11417516951631357
0.44817118753437496 0.11334233339411529
0.45867039818845207 0.11244685523939615
0.4691708030133664 0.11149146656175643
0.47967065286431004 0.11047876186325437
0.49016870573628835 0.10941118780667908
0.5006640600778368 0.10829103703389889
0.5111559774997275 0.10712044415993492
0.5216437019749854 0.10590138555901113
0.532126285437972 0.10463567956525648
0.5426024270756475 0.103324990104765
0.5530703335151169 0.10197083197550297
0.5635276070049191 0.10057457889131624
0.5739711638852473 0.09913747639529825
0.5843971878498366 0.0976606584528245
0.5948011176979157 0.09614516842356523
0.6051776701716417 0.09459198641384424
0.6155208932897925 0.09300205829882482
0.6258242491722243 0.09137632881222658
0.6360807193651842 0.08971577428755817
0.6462829284700105 0.08802143394125232
0.6564232787807336 0.08629443728099637
0.6664940902363148 0.08453602512621392
0.6764877392914341 0.08274756252604934
0.6863967903049274 0.08093054396020088
0.6962141140504658 0.07908658881024401
0.7059329895433044 0.07721742979273784
0.7155471848854049 0.07532489334427207
0.7250510151154239 0.07341087785386
0.7344393765686097 0.07147732754153849
0.7437077569308088 0.06952620888132519
0.7528522219886427 0.06755948867082512
0.7618693824675997 0.06557911735526133
0.7707563411553 0.06358701880638444
0.7795106262103687 0.06158508636977033
0.7881301121530285 0.05957518688393498
0.7966129329431176 0.057559170181348006
0.8049573926425473 0.05553888538393308
0.8131618749688314 0.05351620109603988
0.8212247585433367 0.05149302791046026
0.8291443392326435 0.049471343930692434
0.8369187650937686 0.04745321862205772
0.8445459852193494 0.04544083669464205
0.8520237151885091 0.04343651952425033
0.8593494209277476 0.04144274221550008
0.8665203206772808 0.039462148306361876
0.8735334038733604 0.0374975575114116
0.880385467040168 0.035551969304015864
0.8870731615970141 0.033628559825780474
0.8935930519838309 0.031730670819602284
0.899941679199927 0.029861792775099722
0.9061156257631163 0.02802553917727195
0.9121115780853393 0.02622561354922419
0.9179263815641001 0.0244657695781974
0.923557086588352 0.022749764920779635
0.9290009817560936 0.02108130987882465
0.9342556133986395 0.01946401314401133
0.9393187920076742 0.017901326312413295
0.9441885841611978 0.016396488865868804
0.9488632940410283 0.014952476829529694
0.9533414352402559 0.01357195580719027
0.9576216959558318 0.012257240501488135
0.9617029013601002 0.011010263427670202
0.9655839744544767 0.009832551423903955
0.969263899899308 0.008725212568430061
0.9727416918196784 0.007688933605845654
0.976016367888766 0.006723987187786034
0.9790869296894285 0.005830248628005602
0.9819523517505824 0.005007223677348975
0.984611577566851 0.0042540836147297745
0.9870635223966723 0.003569709753653663
0.9893070832461913 0.0029527441652098417
0.9913411529394072 0.0024016464104339515
0.9931646386768589 0.0019147552829608038
0.9947764830890384 0.0014903528573949416
0.9961756862891165 0.0011267288399699669
0.9973613285242893 0.0008222455205800061
0.9983325909376661 0.0005753981204731108
0.9990887749397744 0.0003848709367503067
0.9996293191970131 0.00024958608138912894
0.9999538129395801 0.00016874371181813336
1.0000620055939027 0.00014185155304814213
