0.9999912597 -0.0001415370
0.9998811601 -0.0001413240
0.9995508862 -0.0001406670
0.9990005138 -0.0001395149
0.9982301726 -0.0001377906
0.9972400514 -0.0001354041
0.9960304056 -0.0001322680
0.9946015660 -0.0001283174
0.9929539508 -0.0001235311
0.9910880777 -0.0001179532
0.9890045785 -0.0001117144
0.9867042130 -0.0001050513
0.9841878831 -0.0000983215
0.9814566446 -0.0000920141
0.9785117172 -0.0000867538
0.9753544893 -0.0000832992
0.9719865189 -0.0000825321
0.9684095283 -0.0000854404
0.9646253916 -0.0000930933
0.9606361176 -0.0001066105
0.9564438250 -0.0001271260
0.9520507138 -0.0001557488
0.9474590330 -0.0001935212
0.9426710477 -0.0002413788
0.9376890063 -0.0003001116
0.9325151130 -0.0003703310
0.9271515066 -0.0004524414
0.9216002477 -0.0005466212
0.9158633177 -0.0006528108
0.9099426301 -0.0007707113
0.9038400543 -0.0008997924
0.8975574513 -0.0010393105
0.8910967214 -0.0011883366
0.8844598584 -0.0013457923
0.8776490111 -0.0015104962
0.8706665449 -0.0016812149
0.8635151017 -0.0018567219
0.8561976536 -0.0020358586
0.8487175462 -0.0022175981
0.8410785288 -0.0024011063
0.8332847690 -0.0025858005
0.8253408500 -0.0027714003
0.8172517505 -0.0029579685
0.8090228070 -0.0031459410
0.8006596606 -0.0033361407
0.7921681908 -0.0035297777
0.7835544383 -0.0037284327
0.7748245205 -0.0039340258
0.7659845438 -0.0041487707
0.7570405153 -0.0043751187
0.7479982577 -0.0046156920
0.7388633317 -0.0048732135
0.7296409667 -0.0051504329
0.7203360053 -0.0054500544
0.7109528615 -0.0057746686
0.7014954972 -0.0061266903
0.6919674160 -0.0065083050
0.6823716773 -0.0069214243
0.6727109300 -0.0073676516
0.6629874651 -0.0078482573
0.6532032861 -0.0083641632
0.6433601942 -0.0089159363
0.6334598855 -0.0095037898
0.6235040552 -0.0101275910
0.6134945044 -0.0107868766
0.6034332452 -0.0114808724
0.5933225966 -0.0122085194
0.5831652693 -0.0129685035
0.5729644310 -0.0137592900
0.5627237519 -0.0145791602
0.5524474252 -0.0154262498
0.5421401601 -0.0162985878
0.5318071492 -0.0171941330
0.5214540087 -0.0181108071
0.5110866935 -0.0190465229
0.5007113925 -0.0199992049
0.4903344063 -0.0209668021
0.4799620147 -0.0219472921
0.4696003406 -0.0229386771
0.4592552150 -0.0239389717
0.4489320543 -0.0249461846
0.4386357531 -0.0259582958
0.4283706014 -0.0269732302
0.4181402316 -0.0279888319
0.4079475984 -0.0290028383
0.3977949970 -0.0300128569
0.3876841186 -0.0310163464
0.3776161444 -0.0320106018
0.3675918754 -0.0329927454
0.3576118936 -0.0339597231
0.3476767488 -0.0349083083
0.3377871637 -0.0358351137
0.3279442483 -0.0367366109
0.3181497131 -0.0376091624
0.3084060716 -0.0384490632
0.2987168197 -0.0392525961
0.2890865823 -0.0400160986
0.2795212162 -0.0407360407
0.2700278601 -0.0414091117
0.2606149246 -0.0420323100
0.2512920187 -0.0426030323
0.2420698087 -0.0431191532
0.2329598147 -0.0435790889
0.2239741481 -0.0439818380
0.2151252015 -0.0443269922
0.2064253038 -0.0446147153
0.1978863554 -0.0448456869
0.1895194628 -0.0450210162
0.1813345882 -0.0451421294
0.1733402327 -0.0452106398
0.1655431681 -0.0452282124
0.1579482303 -0.0451964322
0.1505581847 -0.0451166889
0.1433736713 -0.0449900853
0.1363932335 -0.0448173763
0.1296134321 -0.0445989394
0.1230290417 -0.0443347758
0.1166333241 -0.0440245357
0.1104183685 -0.0436675585
0.1043754847 -0.0432629192
0.0984956319 -0.0428094696
0.0927698631 -0.0423058670
0.0871897633 -0.0417505850
0.0817478600 -0.0411419071
0.0764379885 -0.0404779061
0.0712555961 -0.0397564186
0.0661979759 -0.0389750240
0.0612644265 -0.0381310408
0.0564563371 -0.0372215511
0.0517772007 -0.0362434599
0.0472325621 -0.0351935975
0.0428299036 -0.0340688609
0.0385784721 -0.0328663942
0.0344890497 -0.0315837963
0.0305736676 -0.0302193428
0.0268452630 -0.0287722065
0.0233172830 -0.0272426563
0.0200032396 -0.0256322140
0.0169162312 -0.0239437513
0.0140684463 -0.0221815109
0.0114706769 -0.0203510439
0.0091318710 -0.0184590623
0.0070587524 -0.0165132153
0.0052555376 -0.0145218076
0.0037237694 -0.0124934822
0.0024622794 -0.0104368965
0.0014672824 -0.0083604189
0.0007325936 -0.0062718682
0.0002499553 -0.0041783135
0.0000094534 -0.0020859428
0.0000000000 -0.0000000000
0.0002098631 0.0020752499
0.0006272146 0.0041364461
0.0012406780 0.0061810300
0.0020398584 0.0082071943
0.0030158252 0.0102138087
0.0041615293 0.0122003651
0.0054721294 0.0141669483
0.0069452105 0.0161142335
0.0085808782 0.0180434998
0.0103817224 0.0199566483
0.0123526509 0.0218562065
0.0145006076 0.0237453015
0.0168341936 0.0256275878
0.0193632195 0.0275071226
0.0220982207 0.0293881869
0.0250499622 0.0312750611
0.0282289608 0.0331717695
0.0316450420 0.0350818123
0.0353069448 0.0370079071
0.0392219802 0.0389517602
0.0433957468 0.0409138859
0.0478319027 0.0428934883
0.0525319942 0.0448884142
0.0574953441 0.0468951811
0.0627190001 0.0489090764
0.0681977513 0.0509243219
0.0739242145 0.0529342886
0.0798889960 0.0549317461
0.0860809278 0.0569091271
0.0924873738 0.0588587871
0.0990945973 0.0607732415
0.1058881742 0.0626453657
0.1128534331 0.0644685479
0.1199759027 0.0662367920
0.1272417424 0.0679447717
0.1346381391 0.0695878429
0.1421536491 0.0711620251
0.1497784748 0.0726639618
0.1575046638 0.0740908739
0.1653262255 0.0754405127
0.1732391633 0.0767111214
0.1812414221 0.0779014082
0.1893327569 0.0790105292
0.1975145297 0.0800380806
0.2057894439 0.0809840932
0.2141612308 0.0818490255
0.2226343027 0.0826337474
0.2312133903 0.0833395132
0.2399031819 0.0839679188
0.2487079813 0.0845208455
0.2576314013 0.0850003912
0.2666761048 0.0854087947
0.2758436046 0.0857483573
0.2851341261 0.0860213682
0.2945465373 0.0862300398
0.3040783420 0.0863764550
0.3137257342 0.0864625318
0.3234837044 0.0864900032
0.3333461895 0.0864604135
0.3433062569 0.0863751276
0.3533563095 0.0862353502
0.3634883040 0.0860421507
0.3736939684 0.0857964913
0.3839650113 0.0854992533
0.3942933121 0.0851512609
0.4046710870 0.0847533003
0.4150910217 0.0843061327
0.4255463700 0.0838105033
0.4360310134 0.0832671450
0.4465394824 0.0826767793
0.4570669417 0.0820401151
0.4676091399 0.0813578466
0.4781623315 0.0806306506
0.4887231739 0.0798591850
0.4992886075 0.0790440881
0.5098557263 0.0781859796
0.5204216450 0.0772854635
0.5309833703 0.0763431324
0.5415376833 0.0753595753
0.5520810381 0.0743353875
0.5626094816 0.0732711844
0.5731185976 0.0721676181
0.5836034774 0.0710253975
0.5940587179 0.0698453108
0.6044784457 0.0686282502
0.6148563657 0.0673752370
0.6251858320 0.0660874445
0.6354599351 0.0647662189
0.6456716027 0.0634130937
0.6558137083 0.0620297983
0.6658791816 0.0606182572
0.6758611173 0.0591805810
0.6857528753 0.0577190482
0.6955481704 0.0562360789
0.7052411458 0.0547342019
0.7148264300 0.0532160171
0.7242991739 0.0516841568
0.7336550684 0.0501412457
0.7428903424 0.0485898661
0.7520017423 0.0470325263
0.7609864941 0.0454716370
0.7698422512 0.0439094949
0.7785670287 0.0423482742
0.7871591294 0.0407900265
0.7956170615 0.0392366877
0.8039394543 0.0376900900
0.8121249733 0.0361519796
0.8201722392 0.0346240369
0.8280797540 0.0331078978
0.8358458374 0.0316051768
0.8434685772 0.0301174877
0.8509457943 0.0286464642
0.8582750260 0.0271937783
0.8654535257 0.0257611553
0.8724782806 0.0243503865
0.8793460445 0.0229633386
0.8860533843 0.0216019585
0.8925967359 0.0202682738
0.8989724667 0.0189643881
0.9051769401 0.0176924698
0.9112065790 0.0164547357
0.9170579230 0.0152534269
0.9227276778 0.0140907799
0.9282127535 0.0129689909
0.9335102908 0.0118901764
0.9386176738 0.0108563310
0.9435325316 0.0098692827
0.9482527272 0.0089306509
0.9527763387 0.0080418046
0.9571016327 0.0072038273
0.9612270340 0.0064174863
0.9651510943 0.0056832103
0.9688724612 0.0050010757
0.9723898513 0.0043708015
0.9757020270 0.0037917548
0.9788077804 0.0032629655
0.9817059222 0.0027831514
0.9843952781 0.0023507518
0.9868746898 0.0019639703
0.9891430222 0.0016208250
0.9911991730 0.0013192047
0.9930420863 0.0010569302
0.9946707669 0.0008318186
0.9960842957 0.0006417486
0.9972818440 0.0004847251
0.9982626867 0.0003589405
0.9990262147 0.0002628309
0.9995719439 0.0001951252
0.9998995234 0.0001548856
1.0000087403 0.0001415370
