0.9999863808 -0.0000805031
0.9998744030 -0.0000756192
0.9995384938 -0.0000610400
0.9989787290 -0.0000369846
0.9981952445 -0.0000038245
0.9971882496 0.0000379069
0.9959580457 0.0000875028
0.9945050477 0.0001440695
0.9928298081 0.0002065131
0.9909330421 0.0002735272
0.9888156520 0.0003435833
0.9864787489 0.0004149265
0.9839236704 0.0004855763
0.9811519926 0.0005533360
0.9781655339 0.0006158095
0.9749663501 0.0006704282
0.9715567198 0.0007144866
0.9679391180 0.0007451870
0.9641161802 0.0007596915
0.9600906565 0.0007551800
0.9558653563 0.0007289123
0.9514430889 0.0006782914
0.9468265994 0.0006009248
0.9420185076 0.0004946834
0.9370212500 0.0003577526
0.9318370336 0.0001886765
0.9264678014 -0.0000136078
0.9209152167 -0.0002497466
0.9151806664 -0.0005199560
0.9092652855 -0.0008240195
0.9031700036 -0.0011612962
0.8968956112 -0.0015307384
0.8904428424 -0.0019309192
0.8838124719 -0.0023600697
0.8770054196 -0.0028161240
0.8700228575 -0.0032967731
0.8628663138 -0.0037995260
0.8555377666 -0.0043217770
0.8480397232 -0.0048608775
0.8403752788 -0.0054142101
0.8325481519 -0.0059792625
0.8245626930 -0.0065536974
0.8164238661 -0.0071354160
0.8081372034 -0.0077226107
0.7997087347 -0.0083138051
0.7911448959 -0.0089078784
0.7824524192 -0.0095040733
0.7736382122 -0.0101019867
0.7647092303 -0.0107015452
0.7556723481 -0.0113029661
0.7465342368 -0.0119067071
0.7373012516 -0.0125134088
0.7279793347 -0.0131238327
0.7185739378 -0.0137387993
0.7090899689 -0.0143591291
0.6995317636 -0.0149855894
0.6899030853 -0.0156188496
0.6802071538 -0.0162594458
0.6704467006 -0.0169077556
0.6606240524 -0.0175639826
0.6507412361 -0.0182281519
0.6408001034 -0.0189001127
0.6308024691 -0.0195795503
0.6207502550 -0.0202660037
0.6106456351 -0.0209588898
0.6004911717 -0.0216575315
0.5902899366 -0.0223611900
0.5800456100 -0.0230690984
0.5697625502 -0.0237804977
0.5594458305 -0.0244946706
0.5491012378 -0.0252109734
0.5387352337 -0.0259288630
0.5283548764 -0.0266479171
0.5179677064 -0.0273678460
0.5075816013 -0.0280884938
0.4972046037 -0.0288098296
0.4868447313 -0.0295319276
0.4765097785 -0.0302549375
0.4662071164 -0.0309790471
0.4559435049 -0.0317044402
0.4457249232 -0.0324312516
0.4355564302 -0.0331595235
0.4254420622 -0.0338891657
0.4153847755 -0.0346199217
0.4053864377 -0.0353513423
0.3954478727 -0.0360827668
0.3855689581 -0.0368133125
0.3757487740 -0.0375418695
0.3659857983 -0.0382671009
0.3562781418 -0.0389874459
0.3466238119 -0.0397011254
0.3370209960 -0.0404061484
0.3274683487 -0.0411003220
0.3179652726 -0.0417812635
0.3085121756 -0.0424464190
0.2991106939 -0.0430930887
0.2897638671 -0.0437184621
0.2804762559 -0.0443196634
0.2712539925 -0.0448938065
0.2621047584 -0.0454380580
0.2530376869 -0.0459497042
0.2440631899 -0.0464262175
0.2351927128 -0.0468653146
0.2264384260 -0.0472650029
0.2178128639 -0.0476236062
0.2093285260 -0.0479397694
0.2009974578 -0.0482124373
0.1928308310 -0.0484408118
0.1848385424 -0.0486242894
0.1770288523 -0.0487623876
0.1694080797 -0.0488546674
0.1619803721 -0.0489006612
0.1547475619 -0.0488998146
0.1477091201 -0.0488514478
0.1408622123 -0.0487547391
0.1342018589 -0.0486087302
0.1277211939 -0.0484123479
0.1214118131 -0.0481644335
0.1152641974 -0.0478637720
0.1092681893 -0.0475091082
0.1034134994 -0.0470991438
0.0976902164 -0.0466325091
0.0920892937 -0.0461077106
0.0866029908 -0.0455230575
0.0812252475 -0.0448765799
0.0759519813 -0.0441659480
0.0707813001 -0.0433884104
0.0657136314 -0.0425407626
0.0607517721 -0.0416193595
0.0559008675 -0.0406201780
0.0511683254 -0.0395389360
0.0465636734 -0.0383712633
0.0420983600 -0.0371129205
0.0377855003 -0.0357600544
0.0336395641 -0.0343094740
0.0296760015 -0.0327589289
0.0259108069 -0.0311073664
0.0223600230 -0.0293551470
0.0190391979 -0.0275041918
0.0159628137 -0.0255580462
0.0131437152 -0.0235218448
0.0105925741 -0.0214021756
0.0083174260 -0.0192068504
0.0063233147 -0.0169445992
0.0046120744 -0.0146247164
0.0031822669 -0.0122566904
0.0020292788 -0.0098498493
0.0011455756 -0.0074130536
0.0005210921 -0.0049544540
0.0001437398 -0.0024813292
0.0000000000 0.0000000000
0.0000755768 0.0024842043
0.0003560778 0.0049668937
0.0008276960 0.0074445347
0.0014778619 0.0099143975
0.0022958378 0.0123744980
0.0032732243 0.0148235686
0.0044043524 0.0172610614
0.0056865370 0.0196871834
0.0071201751 0.0221029487
0.0087086841 0.0245102306
0.0104582834 0.0269117884
0.0123776409 0.0293112491
0.0144774102 0.0317130261
0.0167696956 0.0341221656
0.0192674822 0.0365441232
0.0219840657 0.0389844810
0.0249325102 0.0414486230
0.0281251541 0.0439413941
0.0315731750 0.0464667656
0.0352862170 0.0490275341
0.0392720801 0.0516250725
0.0435364676 0.0542591516
0.0480827894 0.0569278426
0.0529120198 0.0596275058
0.0580226149 0.0623528658
0.0634104924 0.0650971664
0.0690690837 0.0678523940
0.0749894656 0.0706095526
0.0811605745 0.0733589712
0.0875695062 0.0760906206
0.0942018927 0.0787944191
0.1010423453 0.0814605065
0.1080749442 0.0840794722
0.1152837505 0.0866425276
0.1226533156 0.0891416209
0.1301691603 0.0915694963
0.1378182003 0.0939197080
0.1455890975 0.0961865979
0.1534725219 0.0983652523
0.1614613139 0.1004514463
0.1695505437 0.1024415875
0.1777374679 0.1043326645
0.1860213888 0.1061222018
0.1944034274 0.1078082219
0.2028862217 0.1093892127
0.2114735684 0.1108640935
0.2201700247 0.1122321801
0.2289804922 0.1134931420
0.2379098007 0.1146469539
0.2469623131 0.1156938413
0.2561415675 0.1166342217
0.2654499724 0.1174686479
0.2748885649 0.1181977564
0.2844568413 0.1188222268
0.2941526631 0.1193427547
0.3039722379 0.1197600412
0.3139101747 0.1200747997
0.3239596040 0.1202877766
0.3341123573 0.1203997845
0.3443591937 0.1204117414
0.3546900613 0.1203247122
0.3650943810 0.1201399464
0.3755613388 0.1198589076
0.3860801718 0.1194832920
0.3966404364 0.1190150339
0.4072322477 0.1184562986
0.4178464778 0.1178094641
0.4284749092 0.1170770935
0.4391103362 0.1162619026
0.4497466135 0.1153667250
0.4603786517 0.1143944782
0.4710023641 0.1133481335
0.4816145678 0.1122306907
0.4922128488 0.1110451587
0.5027953963 0.1097945419
0.5133608185 0.1084818321
0.5239079473 0.1071100037
0.5344356432 0.1056820129
0.5449426096 0.1042007985
0.5554272255 0.1026692839
0.5658874031 0.1010903802
0.5763204783 0.0994669900
0.5867231367 0.0978020110
0.5970913780 0.0960983401
0.6074205191 0.0943588779
0.6177052350 0.0925865312
0.6279396322 0.0907842155
0.6381173516 0.0889548533
0.6482316935 0.0871013702
0.6582757583 0.0852266852
0.6682425943 0.0833336964
0.6781253467 0.0814252614
0.6879173989 0.0795041716
0.6976125011 0.0775731240
0.7072048795 0.0756346901
0.7166893227 0.0736912845
0.7260612414 0.0717451361
0.7353167005 0.0697982638
0.7444524225 0.0678524585
0.7534657632 0.0659092743
0.7623546613 0.0639700275
0.7711175647 0.0620358066
0.7797533370 0.0601074895
0.7882611485 0.0581857707
0.7966403564 0.0562711926
0.8048903801 0.0543641830
0.8130105769 0.0524650945
0.8210001237 0.0505742448
0.8288579110 0.0486919567
0.8365824545 0.0468185974
0.8441718271 0.0449546146
0.8516236173 0.0431005719
0.8589349130 0.0412571807
0.8661023136 0.0394253308
0.8731219680 0.0376061177
0.8799896361 0.0358008671
0.8867007709 0.0340111549
0.8932506149 0.0322388224
0.8996343068 0.0304859838
0.9058469907 0.0287550259
0.9118839237 0.0270485981
0.9177405743 0.0253695915
0.9234127088 0.0237211078
0.9288964588 0.0221064177
0.9341883702 0.0205289107
0.9392854300 0.0189920384
0.9441850717 0.0174992528
0.9488851608 0.0160539443
0.9533839636 0.0146593801
0.9576801013 0.0133186484
0.9617724951 0.0120346074
0.9656603057 0.0108098441
0.9693428715 0.0096466423
0.9728196504 0.0085469607
0.9760901662 0.0075124213
0.9791539637 0.0065443089
0.9820105742 0.0056435790
0.9846594907 0.0048108753
0.9871001540 0.0040465546
0.9893319487 0.0033507185
0.9913542086 0.0027232501
0.9931662290 0.0021638558
0.9947672853 0.0016721088
0.9961566556 0.0012474944
0.9973336457 0.0008894552
0.9982976148 0.0005974345
0.9990479994 0.0003709157
0.9995843363 0.0002094577
0.9999062805 0.0001127238
1.0000136192 0.0000805031
