0.9999910384 -0.0001405834
0.9998809489 -0.0001399687
0.9995507115 -0.0001381442
0.9990004208 -0.0001351715
0.9982302376 -0.0001311596
0.9972403943 -0.0001262739
0.9960312018 -0.0001207481
0.9946030589 -0.0001148978
0.9929564621 -0.0001091352
0.9910920181 -0.0001039824
0.9890104558 -0.0001000838
0.9867126382 -0.0000982151
0.9841995745 -0.0000992878
0.9814724278 -0.0001043482
0.9785325216 -0.0001145700
0.9753813405 -0.0001312398
0.9720205260 -0.0001557354
0.9684518662 -0.0001894964
0.9646772789 -0.0002339893
0.9606987882 -0.0002906665
0.9565184964 -0.0003609212
0.9521385500 -0.0004460408
0.9475611044 -0.0005471591
0.9427882880 -0.0006652114
0.9378221685 -0.0008008927
0.9326647244 -0.0009546213
0.9273178249 -0.0011265105
0.9217832193 -0.0013163481
0.9160625396 -0.0015235855
0.9101573157 -0.0017473368
0.9040690042 -0.0019863884
0.8977990313 -0.0022392195
0.8913488456 -0.0025040325
0.8847199805 -0.0027787947
0.8779141226 -0.0030612885
0.8709331813 -0.0033491716
0.8637793563 -0.0036400442
0.8564551992 -0.0039315222
0.8489636647 -0.0042213145
0.8413081480 -0.0045073009
0.8334925061 -0.0047876080
0.8255210619 -0.0050606797
0.8173985885 -0.0053253392
0.8091302773 -0.0055808384
0.8007216880 -0.0058268932
0.7921786856 -0.0060637017
0.7835073662 -0.0062919452
0.7747139748 -0.0065127705
0.7658048199 -0.0067277567
0.7567861872 -0.0069388654
0.7476642571 -0.0071483802
0.7384450271 -0.0073588361
0.7291342451 -0.0075729438
0.7197373519 -0.0077935122
0.7102594389 -0.0080233728
0.7007052198 -0.0082653078
0.6910790190 -0.0085219870
0.6813847772 -0.0087959120
0.6716260743 -0.0090893726
0.6618061702 -0.0094044122
0.6519280607 -0.0097428054
0.6419945481 -0.0101060451
0.6320083230 -0.0104953396
0.6219720542 -0.0109116178
0.6118884815 -0.0113555417
0.6017605076 -0.0118275243
0.5915912833 -0.0123277534
0.5813842821 -0.0128562169
0.5711433574 -0.0134127317
0.5608727807 -0.0139969717
0.5505772554 -0.0146084956
0.5402619055 -0.0152467712
0.5299322374 -0.0159111965
0.5195940764 -0.0166011143
0.5092534791 -0.0173158211
0.4989166250 -0.0180545679
0.4885896929 -0.0188165548
0.4782787274 -0.0196009177
0.4679895016 -0.0204067098
0.4577273847 -0.0212328787
0.4474972200 -0.0220782412
0.4373032223 -0.0229414572
0.4271489003 -0.0238210055
0.4170370103 -0.0247151619
0.4069695463 -0.0256219817
0.3969477680 -0.0265392865
0.3869722701 -0.0274646557
0.3770430908 -0.0283954224
0.3671598567 -0.0293286732
0.3573219607 -0.0302612524
0.3475287643 -0.0311897695
0.3377798181 -0.0321106123
0.3280750899 -0.0330199654
0.3184151908 -0.0339138363
0.3088015875 -0.0347880920
0.2992367910 -0.0356385058
0.2897245110 -0.0364608171
0.2802697651 -0.0372508037
0.2708789352 -0.0380043640
0.2615597641 -0.0387176081
0.2523212874 -0.0393869504
0.2431736990 -0.0400091991
0.2341281527 -0.0405816347
0.2251965041 -0.0411020695
0.2163910034 -0.0415688826
0.2077239505 -0.0419810246
0.1992073291 -0.0423379898
0.1908524357 -0.0426397572
0.1826695237 -0.0428867037
0.1746674777 -0.0430794971
0.1668535374 -0.0432189777
0.1592330822 -0.0433060384
0.1518094887 -0.0433415148
0.1445840701 -0.0433260924
0.1375560989 -0.0432602380
0.1307229161 -0.0431441572
0.1240801225 -0.0429777780
0.1176218449 -0.0427607547
0.1113410680 -0.0424924867
0.1052300148 -0.0421721420
0.0992805612 -0.0417986783
0.0934846617 -0.0413708555
0.0878347690 -0.0408872346
0.0823242243 -0.0403461649
0.0769476049 -0.0397457625
0.0717010132 -0.0390838890
0.0665823000 -0.0383581384
0.0615912187 -0.0375658439
0.0567295094 -0.0367041132
0.0520009172 -0.0357699009
0.0474111476 -0.0347601188
0.0429677626 -0.0336717870
0.0386800194 -0.0325022192
0.0345586526 -0.0312492326
0.0306155980 -0.0299113712
0.0268636580 -0.0284881224
0.0233161120 -0.0269801112
0.0199862759 -0.0253892488
0.0168870265 -0.0237188200
0.0140303076 -0.0219734922
0.0114266463 -0.0201592391
0.0090847079 -0.0182831802
0.0070109204 -0.0163533433
0.0052091969 -0.0143783708
0.0036807749 -0.0123671926
0.0024241851 -0.0103286951
0.0014353511 -0.0082714131
0.0007078099 -0.0062032684
0.0002330407 -0.0041313708
0.0000008796 -0.0020618905
0.0000000000 -0.0000000000
0.0002184369 0.0020501537
0.0006441292 0.0040853675
0.0012654617 0.0061032730
0.0020717897 0.0081022783
0.0030539195 0.0100814865
0.0042045238 0.0120406358
0.0055184701 0.0139800666
0.0069930425 0.0159007161
0.0086280414 0.0178041334
0.0104257529 0.0196925000
0.0123907895 0.0215686395
0.0145298124 0.0234359968
0.0168511573 0.0252985742
0.0193643905 0.0271608122
0.0220798257 0.0290274179
0.0250080318 0.0309031436
0.0281593579 0.0327925333
0.0315434947 0.0346996533
0.0351690858 0.0366278294
0.0390433947 0.0385794111
0.0431720303 0.0405555801
0.0475587304 0.0425562189
0.0522052021 0.0445798471
0.0571110200 0.0466236302
0.0622735830 0.0486834575
0.0676881349 0.0507540845
0.0733478502 0.0528293245
0.0792439903 0.0549022777
0.0853661291 0.0569655768
0.0917024445 0.0590116335
0.0982400672 0.0610328675
0.1049654747 0.0630219043
0.1118649123 0.0649717336
0.1189248219 0.0668758216
0.1261322584 0.0687281815
0.1334752737 0.0705234044
0.1409432503 0.0722566606
0.1485271708 0.0739236815
0.1562198119 0.0755207314
0.1640158562 0.0770445772
0.1719119183 0.0784924624
0.1799064866 0.0798620876
0.1879997840 0.0811515979
0.1961935560 0.0823595730
0.2044907972 0.0834850175
0.2128954289 0.0845273448
0.2214119467 0.0854863520
0.2300450523 0.0863621817
0.2387992916 0.0871552711
0.2476787126 0.0878662889
0.2566865618 0.0884960647
0.2658250297 0.0890455160
0.2750950558 0.0895155781
0.2844961974 0.0899071443
0.2940265659 0.0902210191
0.3036828261 0.0904578902
0.3134602565 0.0906183192
0.3233528627 0.0907027508
0.3333535352 0.0907115381
0.3434542413 0.0906449802
0.3536462423 0.0905033669
0.3639203227 0.0902870263
0.3742670221 0.0899963703
0.3846768598 0.0896319332
0.3951405412 0.0891944027
0.4056491391 0.0886846401
0.4161942429 0.0881036910
0.4267680712 0.0874527857
0.4373635442 0.0867333335
0.4479743168 0.0859469099
0.4585947720 0.0850952428
0.4692199789 0.0841801952
0.4798456189 0.0832037504
0.4904678872 0.0821679982
0.5010833750 0.0810751231
0.5116889408 0.0799273959
0.5222815773 0.0787271681
0.5328582822 0.0774768684
0.5434159379 0.0761790013
0.5539512078 0.0748361485
0.5644604528 0.0734509708
0.5749396712 0.0720262116
0.5853844646 0.0705647008
0.5957900313 0.0690693588
0.6061511833 0.0675431988
0.6164623886 0.0659893281
0.6267178329 0.0644109454
0.6369114976 0.0628113343
0.6470372489 0.0611938516
0.6570889337 0.0595619101
0.6670604765 0.0579189544
0.6769459730 0.0562684324
0.6867397755 0.0546137603
0.6964365674 0.0529582854
0.7060314232 0.0513052461
0.7155198527 0.0496577326
0.7248978273 0.0480186500
0.7341617900 0.0463906858
0.7433086470 0.0447762836
0.7523357429 0.0431776249
0.7612408221 0.0415966191
0.7700219751 0.0400349024
0.7786775745 0.0384938451
0.7872062015 0.0369745671
0.7956065667 0.0354779598
0.8038774269 0.0340047122
0.8120175030 0.0325553420
0.8200254012 0.0311302278
0.8278995421 0.0297296423
0.8356381002 0.0283537855
0.8432389580 0.0270028169
0.8506996758 0.0256768860
0.8580174804 0.0243761621
0.8651892711 0.0231008613
0.8722116442 0.0218512722
0.8790809330 0.0206277787
0.8857932623 0.0194308794
0.8923446118 0.0182612039
0.8987308867 0.0171195226
0.9049479901 0.0160067512
0.9109918935 0.0149239484
0.9168587011 0.0138723047
0.9225447062 0.0128531239
0.9280464353 0.0118677972
0.9333606794 0.0109177691
0.9384845116 0.0100044986
0.9434152912 0.0091294162
0.9481506558 0.0082938791
0.9526885025 0.0074991257
0.9570269612 0.0067462340
0.9611643633 0.0060360830
0.9650992070 0.0053693208
0.9688301233 0.0047463402
0.9723558442 0.0041672622
0.9756751758 0.0036319295
0.9787869759 0.0031399088
0.9816901390 0.0026905027
0.9843835866 0.0022827710
0.9868662646 0.0019155599
0.9891371450 0.0015875392
0.9911952326 0.0012972460
0.9930395749 0.0010431331
0.9946692741 0.0008236212
0.9960834995 0.0006371525
0.9972815011 0.0004822446
0.9982626217 0.0003575416
0.9990263076 0.0002618620
0.9995721186 0.0001942401
0.9998997346 0.0001539605
1.0000089616 0.0001405834
