0.9999925291868205 -6.500652270806763e-05
0.9998807522445018 -5.161504966753232e-05
0.9995454395999025 -1.1479592218091843e-05
0.9989866478053706 5.5280468854843404e-05
0.9982044791024555 0.00014845624909600764
0.997199092350827 0.00026773568343984406
0.9959707183692306 0.0004126841585788913
0.9945196783798117 0.0005827235518852719
0.9928464051600447 0.0007771076760446441
0.9909514656940207 0.000994898026858606
0.9888355844209892 0.0012349408323118526
0.9864996655773529 0.001495847199730938
0.9839448139278896 0.0017759783595512526
0.9811723513826172 0.002073437700406545
0.9781838292971886 0.002386070595116203
0.9749810337534434 0.0027114736118623054
0.9715659844177881 0.003047014211821625
0.9679409248805823 0.003389859428819165
0.9641083038750503 0.0037370142297340116
0.960070748576774 0.004085369058193924
0.9558310293922179 0.004431752560299924
0.9513920185348024 0.00477299019723868
0.9467566426997229 0.005105963445428299
0.9419278344370832 0.005427669793915777
0.936908483534955 0.005735278041784924
0.9317013923115175 0.006026179303813627
0.9263092380266168 0.006298028831152162
0.9207345461095684 0.0065487801548364255
0.9149796756105973 0.0067767080551017055
0.9090468201744258 0.006980421063467529
0.9029380241345333 0.007158864196746939
0.8966552134312573 0.007311310422349684
0.8902002415461281 0.007437344455293874
0.8835749450570994 0.007536836675522138
0.8767812082060129 0.007609911264245475
0.8698210302804219 0.007656907546218004
0.8626965926040796 0.007678337231175742
0.855410320135467 0.007674837843875026
0.8479649337669761 0.007647125834483016
0.8403634896264451 0.0075959485615048755
0.8326094021726043 0.007522039140477936
0.8247064505814723 0.007426075557373304
0.8166587656196996 0.007308645940784997
0.8084707991025245 0.007170221097340917
0.8001472763302202 0.007011137211174285
0.7916931338030216 0.006831588712314884
0.7831134459143184 0.006631631421817039
0.7744133425193579 0.006411197277635679
0.7655979237868417 0.0061701171547799
0.7566721742306649 0.00590815308375533
0.7476408814300238 0.00562503597892418
0.7385085634418982 0.005320506985238146
0.7292794075099177 0.004994360548841656
0.7199572254761475 0.004646486122961145
0.7105454272987504 0.004276907112041385
0.7010470141803796 0.003885814757303127
0.6914645960108842 0.0034735952736557555
0.6818004291245467 0.0030408501295141888
0.6720564782760716 0.0025884074777642284
0.6622344984325848 0.0021173260285773303
0.6523361354860853 0.0016288892621780203
0.6423630410827682 0.0011245916714189596
0.6323169987721812 0.0006061156282510699
0.6222000547745405 7.529965993151007e-05
0.6120146475660098 -0.00046590177728467836
0.601763731280257 -0.001015466237534796
0.5914508847261052 -0.0015713588551453635
0.5810804019176867 -0.002131593853501725
0.5706573560101502 -0.002694298710111025
0.5601876348405027 -0.0032577807816619566
0.5496779421613438 -0.0038205906015594615
0.5391357636628483 -0.0043815796518407585
0.5285692975747552 -0.00493994870990396
0.5179873512380098 -0.005495281867102372
0.5073992068428815 -0.006047564712446997
0.4968144614265755 -0.006597183370649601
0.48624284823031794 -0.007144904379505793
0.47569404611569577 -0.007691835292462919
0.46517748564402706 -0.008239367788199099
0.4547021602280452 -0.008789107669456455
0.44427645076263594 -0.009342794933374319
0.4339079715470759 -0.009902219796829743
0.42360344410763123 -0.010469138862831842
0.4133686057327559 -0.011045197213590251
0.4032081566289083 -0.011631860222009556
0.3931257505014125 -0.012230357171463747
0.3831240286669147 -0.012841639783632529
0.37320469919700655 -0.013466355451230823
0.36336865828837617 -0.014104832981552021
0.35361615006097247 -0.014757081558851956
0.3439469582753243 -0.015422798739315775
0.3343606221629053 -0.016101384595093693
0.324856665669567 -0.016791962030012028
0.315434829902135 -0.017493398588520125
0.30609529507988736 -0.01820433058681595
0.29683888218819054 -0.018923188286858426
0.28766721973284837 -0.019648221444113965
0.278582868798557 -0.020377526843400585
0.26958939470811366 -0.021109076247552223
0.26069138178217455 -0.021840744666298113
0.2518943863997845 -0.022570339055498264
0.24320482925397174 -0.023295624744839545
0.23462982819986894 -0.024014348391037214
0.22617698049006008 -0.024724254937955267
0.21785410139713612 -0.025423098568856304
0.20966893211751633 -0.02610864482353281
0.20162883165945925 -0.02677866524925908
0.19374046822029992 -0.02743092695281097
0.18600952605308885 -0.028063177119749174
0.1784404466382249 -0.028673129861229708
0.1710362179587836 -0.02925845475918716
0.16379822749366227 -0.02981677377691665
0.15672618943020736 -0.030345667312868932
0.1498181551927134 -0.030842687678436384
0.1430706087889019 -0.03130538099655853
0.1364786471576899 -0.0317313096207421
0.13003623650939375 -0.03211807089351994
0.12373653304149312 -0.0324633042688743
0.11757224931774188 -0.03276468103814608
0.11153604590201 -0.033019872602539246
0.10562092434226118 -0.03322649514272003
0.09982060051443215 -0.03338203532986847
0.09412983743830264 -0.033483762822326055
0.08854472398735903 -0.03352863997654965
0.08306289051675762 -0.0335132401913611
0.07768365903791397 -0.033433688390532845
0.07240813115978352 -0.03328563313692763
0.06723922151878808 -0.033064260761901006
0.06218164450561078 -0.03276435539347821
0.05724186409644343 -0.03238040846259266
0.05242801308402447 -0.03190677547408059
0.04774978299832297 -0.031337875239695896
0.043218284404615656 -0.030668425773791908
0.03884587145171613 -0.029893703964586994
0.03464592084692634 -0.02900981794174321
0.030632557720543015 -0.028013974556143396
0.026820320842328483 -0.026904724187751746
0.0232237639441065 -0.025682161188367292
0.01985700130620977 -0.02434805994199023
0.016733211667816574 -0.0229059276130536
0.013864126935975815 -0.021360961626558914
0.01125953808141653 -0.019719906211675086
0.008926856432676966 -0.017990813428081374
0.006870767707133163 -0.01618272689620777
0.005093008830833807 -0.01430531276793553
0.003592289416602247 -0.012368470791626318
0.002364365970742374 -0.010381958754503736
0.0014022652923727722 -0.008355060609925451
0.0006966414129610912 -0.00629632082266595
0.0002362447010368475 -0.004213356777396381
8.476635733486173e-06 -0.002112751006345682
0.0 0.0
0.00019737894678057083 0.0021204551451293667
0.0005877196357589785 0.004245164679868953
0.0011592812255900265 0.006371627193161592
0.0019020301791452961 0.008498240383065502
0.002808110412958696 0.01062427815001188
0.003872201787341512 0.012749895654216543
0.005091744040809741 0.014876160588867404
0.006467012298221962 0.017005096739751598
0.00800103979573771 0.019139719422071638
0.009699396867789103 0.021284041413513147
0.011569845645883375 0.023443025824604273
0.013621903395149716 0.02562247367590355
0.015866350208410592 0.02782883685746267
0.018314719346705782 0.03006896175147067
0.02097880240021039 0.03234977588608283
0.023870196927652586 0.03467793747891325
0.02699990952560877 0.037059470897605466
0.030378022276107135 0.03949941245432879
0.03401342042543007 0.04200148882971366
0.037913572555471356 0.04456784640780443
0.042084357316815264 0.04719884610953157
0.04652992410518466 0.04989293239806332
0.05125258566668472 0.052646583351795895
0.056252737733120575 0.05545434119463108
0.06152881069096981 0.0583089215941087
0.06707725799794312 0.06120139513733877
0.07289259067098658 0.06412142970440694
0.07896746707253707 0.06705758105871913
0.08529284493177708 0.06999761426890193
0.09185819814229339 0.07292883636758443
0.09865179757205812 0.07583842324540956
0.10566104632652985 0.07871372146003495
0.11287285419554338 0.08154251042783127
0.12027403370409918 0.08431321546111434
0.12785169347830375 0.08701506629958328
0.13559360762672024 0.08963820099096312
0.14348853862429115 0.09217372117330162
0.15152649638598475 0.09461370482235572
0.15969892180589385 0.09695118793932307
0.1679987847417384 0.09918012465777001
0.17642059762786796 0.10129533377227296
0.1849603460998576 0.1032924396917137
0.19361534462032773 0.1051678127341195
0.20238402990004378 0.10691851159008486
0.21126570451384463 0.10854222818097278
0.2202602474041801 0.11003723834717068
0.22936780918109034 0.1114023542042289
0.23858850670951062 0.11263688249750671
0.24792213489019924 0.113740585993151
0.2573679088285551 0.11471365063328988
0.2669242491908732 0.11555665868248405
0.27658861874738744 0.11627056818233697
0.28635741829827843 0.11685670053158478
0.29622594318750345 0.1173167338942061
0.30618840110423545 0.11765270253703063
0.3162379885757207 0.11786700029135715
0.32636701826319114 0.11796238262190274
0.33656709045958066 0.11794196788913762
0.3468292978034345 0.11780923098178037
0.35714445120967436 0.11756798899410144
0.3675033164248464 0.11722237532564776
0.3778968466035072 0.11677680377253849
0.38831640240872195 0.11623592119237695
0.39875394793057517 0.11560455161805296
0.4092022140146846 0.11488763560267991
0.4196548241973477 0.1140901663855219
0.4301063775342345 0.11321712906685441
0.44055248742136244 0.11227344338985569
0.4509897758973661 0.11126391532846068
0.4614158253276928 0.11019319718519284
0.471829090866068 0.10906575840615186
0.48222877879723297 0.10788586522393666
0.492614696861787 0.10665756874139248
0.502987082368191 0.10538469906844129
0.5133464181950803 0.10407086403333758
0.5236932426908424 0.10271944918103351
0.5340279634708652 0.10133361887978135
0.5443506826177145 0.0999163160518243
0.554661040482117 0.09847026154338559
0.5649580859862076 0.09699795245064766
0.5752401770254416 0.095501661109324
0.585504914168321 0.09398343515458335
0.595749111649274 0.09244510085977227
0.6059688019549146 0.09088826964611933
0.6161592748002901 0.0893143493651074
0.62631514549725 0.08772455934295255
0.6364304487145164 0.08611994937873807
0.6464987518334858 0.08450142078395419
0.6565132813021006 0.08286974834950117
0.6664670566897585 0.08122560182896206
0.6763530249477168 0.07956956482230351
0.6861641900756321 0.07790215074986467
0.6958937318989001 0.07622381370332823
0.7055351103510982 0.07453495686606212
0.7150821516678775 0.07283593549523243
0.7245291126838612 0.07112705845765001
0.7338707241321261 0.06940858852125237
0.743102209745004 0.06768074199545793
0.75221928494817 0.06594369152841334
0.7612181327501316 0.06419757105606487
0.7700953631226717 0.06244248501636012
0.7788479552701298 0.06067852282730956
0.7874731886894154 0.05890577774137568
0.7959685647211654 0.0571243698797815
0.8043317245905592 0.05533447415941352
0.8125603670441208 0.0535363501188754
0.8206521693801724 0.05173037475171823
0.8286047172788488 0.049917075558262615
0.8364154454312411 0.04809716402023746
0.8440815928720986 0.04627156740648023
0.8516001755148187 0.0444414595149787
0.858967975796537 0.04260828665105161
0.8661815519278243 0.04077379144694423
0.8732372634564999 0.03894003001587649
0.8801313136430303 0.03710938364159781
0.8868598038521682 0.03528456279331205
0.8934187982623141 0.03346860276238252
0.8998043928949423 0.031664849808143034
0.9060127859645155 0.02987693760647723
0.9120403444510146 0.028108752990393282
0.9178836626917138 0.02636439257371691
0.923539610192838 0.024648109951987678
0.9290053648554093 0.02296425617252405
0.9342784321131664 0.02131721447471144
0.9393566474753825 0.01971133269522365
0.9442381647705577 0.01815085524303292
0.9489214307861292 0.016639856945682284
0.953405150694892 0.015182183176106603
0.9576882448710843 0.013781394861272962
0.9617698025847204 0.012440723784248549
0.9656490346781784 0.011163036284137078
0.9693252286193303 0.009950808061060998
0.9727977084326883 0.008806109391472985
0.9760658013075092 0.007730601257598543
0.9791288118851741 0.006725541293124918
0.9819860054249999 0.005791799947670711
0.9846365988518627 0.004929885267927056
0.9870797607854206 0.004139976397794126
0.989314618256222 0.003421963292659227
0.9913402691089143 0.002775492545703975
0.9931558001946629 0.0022000183264540337
0.994760308159764 0.001694855124817994
0.9961529225291795 0.0012592328999802178
0.9973328293932401 0.0008923507305646876
0.9982992944964637 0.0005934294635334333
0.9990516847388403 0.0003617584597177248
0.9995894866853671 0.0001967384330197185
0.9999123224941764 9.791548414058967e-05
1.0000199603628506 6.500652270772763e-05
