0.9999905154 -0.0000521582
0.9998790977 -0.0000418523
0.9995448682 -0.0000109801
0.9989878991 0.0000403196
0.9982083174 0.0001118087
0.9972063147 0.0002031396
0.9959821599 0.0003138424
0.9945362156 0.0004433104
0.9928689549 0.0005907839
0.9909809809 0.0007553362
0.9888730454 0.0009358599
0.9865460658 0.0011310587
0.9840011409 0.0013394432
0.9812395612 0.0015593338
0.9782628155 0.0017888707
0.9750725897 0.0020260328
0.9716707595 0.0022686644
0.9680593749 0.0025145106
0.9642406363 0.0027612598
0.9602168641 0.0030065924
0.9559904603 0.0032482338
0.9515638668 0.0034840091
0.9469395201 0.0037118984
0.9421198071 0.0039300885
0.9371070233 0.0041370202
0.9319033387 0.0043314287
0.9265107730 0.0045123750
0.9209311842 0.0046792676
0.9151662711 0.0048318734
0.9092175922 0.0049703173
0.9030866014 0.0050950706
0.8967746977 0.0052069280
0.8902832884 0.0053069747
0.8836138627 0.0053965418
0.8767680702 0.0054771538
0.8697478015 0.0055504669
0.8625552655 0.0056182008
0.8551930580 0.0056820651
0.8476642188 0.0057436834
0.8399722724 0.0058045170
0.8321212500 0.0058657918
0.8241156914 0.0059284312
0.8159606266 0.0059929992
0.8076615366 0.0060596558
0.7992242975 0.0061281274
0.7906551084 0.0061976940
0.7819604080 0.0062671948
0.7731467830 0.0063350499
0.7642208730 0.0063992998
0.7551892749 0.0064576571
0.7460584511 0.0065075711
0.7368346447 0.0065462984
0.7275238054 0.0065709785
0.7181315277 0.0065787089
0.7086630040 0.0065666176
0.6991229961 0.0065319283
0.6895158244 0.0064720180
0.6798453768 0.0063844636
0.6701151386 0.0062670779
0.6603282407 0.0061179341
0.6504875272 0.0059353791
0.6405956378 0.0057180378
0.6306551031 0.0054648078
0.6206684478 0.0051748473
0.6106382967 0.0048475578
0.6005674782 0.0044825610
0.5904591187 0.0040796745
0.5803167235 0.0036388845
0.5701442368 0.0031603191
0.5599460788 0.0026442221
0.5497271544 0.0020909294
0.5394928331 0.0015008488
0.5292488978 0.0008744444
0.5190014663 0.0002122276
0.5087568852 -0.0004852468
0.4985216025 -0.0012173762
0.4883020244 -0.0019835005
0.4781043620 -0.0027828868
0.4679344767 -0.0036147088
0.4577977326 -0.0044780251
0.4476988627 -0.0053717560
0.4376418588 -0.0062946617
0.4276298915 -0.0072453233
0.4176652665 -0.0082221280
0.4077494219 -0.0092232581
0.3978829694 -0.0102466842
0.3880657802 -0.0112901617
0.3782971135 -0.0123512292
0.3685757834 -0.0134272088
0.3589003592 -0.0145152056
0.3492693890 -0.0156121083
0.3396816396 -0.0167145904
0.3301363394 -0.0178191136
0.3206334157 -0.0189219368
0.3111737130 -0.0200191310
0.3017591833 -0.0211066058
0.2923930372 -0.0221801474
0.2830798476 -0.0232354696
0.2738255979 -0.0242682786
0.2646376691 -0.0252743484
0.2555247627 -0.0262496028
0.2464967575 -0.0271901995
0.2375645042 -0.0280926094
0.2287395614 -0.0289536835
0.2200338834 -0.0297707021
0.2114594718 -0.0305414001
0.2030280051 -0.0312639664
0.1947504655 -0.0319370163
0.1866367793 -0.0325595405
0.1786954901 -0.0331308349
0.1709334819 -0.0336504196
0.1633557669 -0.0341179542
0.1559653505 -0.0345331593
0.1487631811 -0.0348957485
0.1417481912 -0.0352053775
0.1349174269 -0.0354616101
0.1282662635 -0.0356638996
0.1217886976 -0.0358115809
0.1154777008 -0.0359038660
0.1093256184 -0.0359398371
0.1033245919 -0.0359184303
0.0974669843 -0.0358384064
0.0917457857 -0.0356983094
0.0861549806 -0.0354964151
0.0806898626 -0.0352306786
0.0753472847 -0.0348986873
0.0701258431 -0.0344976333
0.0650259925 -0.0340243128
0.0600500992 -0.0334751610
0.0552024355 -0.0328463304
0.0504891233 -0.0321338110
0.0459180301 -0.0313335937
0.0414986189 -0.0304418699
0.0372417515 -0.0294552584
0.0331594423 -0.0283710469
0.0292645577 -0.0271874326
0.0255704612 -0.0259037428
0.0220906047 -0.0245206166
0.0188380761 -0.0230401294
0.0158251180 -0.0214658418
0.0130626422 -0.0198027648
0.0105597695 -0.0180572355
0.0083234261 -0.0162367108
0.0063580294 -0.0143494937
0.0046652881 -0.0124044135
0.0032441337 -0.0104104902
0.0020907909 -0.0083766089
0.0011989823 -0.0063112322
0.0005602546 -0.0042221671
0.0001644076 -0.0021164002
0.0000000000 0.0000000000
0.0000549090 0.0021219316
0.0003169153 0.0042452369
0.0007742893 0.0063666513
0.0014163498 0.0084837648
0.0022339709 0.0105949788
0.0032200106 0.0126994801
0.0043696376 0.0147972388
0.0056805369 0.0168890259
0.0071529798 0.0189764405
0.0087897570 0.0210619309
0.0105959791 0.0231487906
0.0125787628 0.0252411123
0.0147468285 0.0273436867
0.0171100413 0.0294618409
0.0196789260 0.0316012185
0.0224641875 0.0337675129
0.0254762590 0.0359661698
0.0287248953 0.0382020792
0.0322188183 0.0404792802
0.0359654191 0.0428006962
0.0399705121 0.0451679205
0.0442381406 0.0475810634
0.0487704283 0.0500386712
0.0535674769 0.0525377189
0.0586273115 0.0550736775
0.0639458773 0.0576406482
0.0695170939 0.0602315546
0.0753329736 0.0628383790
0.0813838065 0.0654524257
0.0876584137 0.0680645937
0.0941444636 0.0706656408
0.1008288419 0.0732464246
0.1076980596 0.0757981059
0.1147386809 0.0783123093
0.1219377477 0.0807812370
0.1292831813 0.0831977386
0.1367641392 0.0855553437
0.1443713090 0.0878482642
0.1520971271 0.0900713778
0.1599359117 0.0922201989
0.1678839059 0.0942908458
0.1759392310 0.0962800064
0.1841017542 0.0981849044
0.1923728801 0.1000032656
0.2007552759 0.1017332812
0.2092525489 0.1033735650
0.2178688894 0.1049231033
0.2266087009 0.1063811948
0.2354762332 0.1077473818
0.2444752373 0.1090213756
0.2536086568 0.1102029803
0.2628783670 0.1112920191
0.2722849732 0.1122882711
0.2818276713 0.1131914220
0.2915041737 0.1140010342
0.3013107005 0.1147165371
0.3112420316 0.1153372401
0.3212916133 0.1158623645
0.3314517137 0.1162910917
0.3417136166 0.1166226227
0.3520678439 0.1168562426
0.3625043960 0.1169913847
0.3730129994 0.1170276882
0.3835833497 0.1169650459
0.3942053398 0.1168036384
0.4048692635 0.1165439534
0.4155659868 0.1161867912
0.4262870799 0.1157332567
0.4370249076 0.1151847420
0.4477726741 0.1145429008
0.4585244241 0.1138096200
0.4692750038 0.1129869891
0.4800199843 0.1120772721
0.4907555557 0.1110828817
0.5014783975 0.1100063580
0.5121855347 0.1088503524
0.5228741874 0.1076176154
0.5335416217 0.1063109895
0.5441850103 0.1049334055
0.5548013088 0.1034878827
0.5653871548 0.1019775304
0.5759387918 0.1004055527
0.5864520232 0.0987752529
0.5969221959 0.0970900386
0.6073442126 0.0953534252
0.6177125734 0.0935690372
0.6280214393 0.0917406053
0.6382647175 0.0898719592
0.6484361591 0.0879670134
0.6585294671 0.0860297474
0.6685384060 0.0840641778
0.6784569088 0.0820743247
0.6882791759 0.0800641725
0.6979997621 0.0780376267
0.7076136469 0.0759984694
0.7171162876 0.0739503146
0.7265036515 0.0718965685
0.7357722297 0.0698403934
0.7449190294 0.0677846814
0.7539415489 0.0657320354
0.7628377345 0.0636847621
0.7716059220 0.0616448746
0.7802447663 0.0596141052
0.7887531597 0.0575939276
0.7971301439 0.0555855869
0.8053748174 0.0535901356
0.8134862437 0.0516084734
0.8214633632 0.0496413895
0.8293049126 0.0476896064
0.8370093564 0.0457538212
0.8445748335 0.0438347474
0.8519991217 0.0419331523
0.8592796217 0.0400498928
0.8664133619 0.0381859473
0.8733970240 0.0363424441
0.8802269855 0.0345206850
0.8868993801 0.0327221645
0.8934101689 0.0309485831
0.8997552204 0.0292018537
0.9059303929 0.0274841000
0.9119316169 0.0257976468
0.9177549696 0.0241450015
0.9233967413 0.0225288260
0.9288534871 0.0209519014
0.9341220651 0.0194170844
0.9391996567 0.0179272592
0.9440837721 0.0164852859
0.9487722401 0.0150939470
0.9532631857 0.0137558962
0.9575549974 0.0124736102
0.9616462875 0.0112493456
0.9655358495 0.0100851034
0.9692226146 0.0089826016
0.9727056108 0.0079432556
0.9759839266 0.0069681700
0.9790566820 0.0060581372
0.9819230056 0.0052136471
0.9845820203 0.0044349037
0.9870328371 0.0037218507
0.9892745554 0.0030742027
0.9913062698 0.0024914833
0.9931270822 0.0019730666
0.9947361174 0.0015182227
0.9961325414 0.0011261641
0.9973155807 0.0007960927
0.9982845418 0.0005272441
0.9990388293 0.0003189297
0.9995779619 0.0001705728
0.9999015857 0.0000817390
1.0000094846 0.0000521582
