0.9999889112 -0.0000778552
0.9998776432 -0.0000735016
0.9995438695 -0.0000605203
0.9989876836 -0.0000391510
0.9982092492 -0.0000097982
0.9972088103 0.0000269615
0.9959867065 0.0000703708
0.9945433904 0.0001194823
0.9928794465 0.0001731486
0.9909956118 0.0002300151
0.9888927951 0.0002885157
0.9865720949 0.0003468728
0.9840348131 0.0004031034
0.9812824641 0.0004550331
0.9783167767 0.0005003168
0.9751396887 0.0005364689
0.9717533316 0.0005609018
0.9681600072 0.0005709715
0.9643621538 0.0005640312
0.9603623039 0.0005374884
0.9561630356 0.0004888664
0.9517669179 0.0004158657
0.9471764547 0.0003164238
0.9423940308 0.0001887709
0.9374218622 0.0000314800
0.9322619565 -0.0001564920
0.9269160858 -0.0003757714
0.9213857763 -0.0006265456
0.9156723149 -0.0009085507
0.9097767762 -0.0012210706
0.9037000679 -0.0015629459
0.8974429942 -0.0019325937
0.8910063337 -0.0023280371
0.8843909292 -0.0027469453
0.8775977837 -0.0031866828
0.8706281575 -0.0036443686
0.8634836620 -0.0041169432
0.8561663437 -0.0046012434
0.8486787537 -0.0050940825
0.8410239987 -0.0055923334
0.8332057704 -0.0060930120
0.8252283498 -0.0065933576
0.8170965880 -0.0070909055
0.8088158623 -0.0075835505
0.8003920105 -0.0080695952
0.7918312470 -0.0085477831
0.7831400642 -0.0090173143
0.7743251246 -0.0094778417
0.7653931488 -0.0099294516
0.7563508043 -0.0103726269
0.7472045999 -0.0108081982
0.7379607907 -0.0112372851
0.7286252969 -0.0116612311
0.7192036401 -0.0120815362
0.7097008985 -0.0124997908
0.7001216842 -0.0129176138
0.6904701428 -0.0133365970
0.6807499744 -0.0137582587
0.6709644783 -0.0141840057
0.6611166161 -0.0146151065
0.6512090939 -0.0150526735
0.6412444587 -0.0154976546
0.6312252049 -0.0159508338
0.6211538861 -0.0164128391
0.6110332271 -0.0168841561
0.6008662303 -0.0173651476
0.5906562690 -0.0178560768
0.5804071657 -0.0183571328
0.5701232461 -0.0188684573
0.5598093688 -0.0193901705
0.5494709252 -0.0199223945
0.5391138091 -0.0204652727
0.5287443569 -0.0210189830
0.5183692577 -0.0215837439
0.5079954398 -0.0221598117
0.4976299345 -0.0227474694
0.4872797264 -0.0233470063
0.4769515949 -0.0239586904
0.4666519552 -0.0245827349
0.4563867074 -0.0252192599
0.4461611003 -0.0258682542
0.4359796189 -0.0265295373
0.4258459022 -0.0272027255
0.4157626972 -0.0278872036
0.4057318536 -0.0285821029
0.3957543621 -0.0292862865
0.3858304378 -0.0299983414
0.3759596465 -0.0307165763
0.3661410705 -0.0314390245
0.3563735095 -0.0321634510
0.3466557067 -0.0328873622
0.3369865923 -0.0336080200
0.3273655337 -0.0343224590
0.3177925793 -0.0350275101
0.3082686866 -0.0357198310
0.2987959198 -0.0363959461
0.2893776096 -0.0370522964
0.2800184614 -0.0376853010
0.2707246073 -0.0382914284
0.2615035926 -0.0388672743
0.2523642950 -0.0394096436
0.2433167753 -0.0399156293
0.2343720623 -0.0403826819
0.2255418782 -0.0408086635
0.2168383148 -0.0411918799
0.2082734733 -0.0415310862
0.1998590844 -0.0418254647
0.1916061260 -0.0420745753
0.1835244571 -0.0422782838
0.1756224862 -0.0424366719
0.1679068913 -0.0425499417
0.1603824059 -0.0426183195
0.1530516824 -0.0426419716
0.1459152423 -0.0426209374
0.1389715172 -0.0425550844
0.1322169801 -0.0424440867
0.1256463658 -0.0422874237
0.1192529690 -0.0420843936
0.1130290099 -0.0418341331
0.1069660482 -0.0415356348
0.1010554264 -0.0411877543
0.0952887187 -0.0407892013
0.0896581641 -0.0403385136
0.0841570617 -0.0398340158
0.0787801115 -0.0392737698
0.0735236877 -0.0386555280
0.0683860393 -0.0379766980
0.0633674159 -0.0372343339
0.0584701223 -0.0364251612
0.0536985071 -0.0355456443
0.0490588929 -0.0345920979
0.0445594516 -0.0335608432
0.0402100298 -0.0324484020
0.0360219231 -0.0312517195
0.0320075994 -0.0299684016
0.0281803682 -0.0285969506
0.0245539979 -0.0271369797
0.0211422837 -0.0255893853
0.0179585774 -0.0239564600
0.0150152966 -0.0222419278
0.0123234378 -0.0204508947
0.0098921228 -0.0185897108
0.0077282096 -0.0166657519
0.0058359971 -0.0146871390
0.0042170472 -0.0126624168
0.0028701377 -0.0106002209
0.0017913513 -0.0085089622
0.0009742926 -0.0063965521
0.0004104218 -0.0042701875
0.0000894820 -0.0021362043
0.0000000000 -0.0000000000
0.0001298346 0.0021339990
0.0004667481 0.0042622893
0.0009989789 0.0063822132
0.0017157895 0.0084919059
0.0026079669 0.0105902328
0.0036682515 0.0126767465
0.0048916700 0.0147516693
0.0062757534 0.0168159000
0.0078206265 0.0188710347
0.0095289615 0.0209193877
0.0114058006 0.0229639926
0.0134582615 0.0250085686
0.0156951495 0.0270574339
0.0181265045 0.0291153631
0.0207631155 0.0311873868
0.0236160304 0.0332785433
0.0266960874 0.0353935974
0.0300134843 0.0375367478
0.0335773968 0.0397113423
0.0373956495 0.0419196244
0.0414744404 0.0441625274
0.0458181174 0.0464395315
0.0504290048 0.0487485931
0.0553072807 0.0510861507
0.0604509085 0.0534472052
0.0658556283 0.0558254698
0.0715150128 0.0582135773
0.0774205952 0.0606033295
0.0835620722 0.0629859705
0.0899275792 0.0653524654
0.0965040337 0.0676937642
0.1032775328 0.0700010356
0.1102337883 0.0722658591
0.1173585786 0.0744803673
0.1246381944 0.0766373393
0.1320598554 0.0787302482
0.1396120780 0.0807532707
0.1472849771 0.0827012709
0.1550704882 0.0845697660
0.1629625023 0.0863548869
0.1709569098 0.0880533382
0.1790515532 0.0896623641
0.1872460937 0.0911797195
0.1955418008 0.0926036463
0.2039412744 0.0939328513
0.2124481175 0.0951664802
0.2210665725 0.0963040870
0.2298011427 0.0973455928
0.2386562154 0.0982912364
0.2476357050 0.0991415151
0.2567427333 0.0998971222
0.2659793576 0.1005588824
0.2753463594 0.1011276927
0.2848430989 0.1016044739
0.2944674371 0.1019901348
0.3042157270 0.1022855544
0.3140828680 0.1024915811
0.3240624190 0.1026090477
0.3341467610 0.1026388001
0.3443272990 0.1025817353
0.3545946935 0.1024388423
0.3649391089 0.1022112426
0.3753504664 0.1019002252
0.3858186921 0.1015072721
0.3963339471 0.1010340730
0.4068868319 0.1004825275
0.4174685561 0.0998547377
0.4280710693 0.0991529901
0.4386871476 0.0983797316
0.4493104364 0.0975375420
0.4599354492 0.0966291051
0.4705575253 0.0956571816
0.4811727514 0.0946245845
0.4917778537 0.0935341595
0.5023700655 0.0923887697
0.5129469801 0.0911912842
0.5235063960 0.0899445715
0.5340461627 0.0886514952
0.5445640342 0.0873149124
0.5550575381 0.0859376743
0.5655238647 0.0845226268
0.5759597824 0.0830726130
0.5863615810 0.0815904747
0.5967250455 0.0800790550
0.6070454606 0.0785411990
0.6173176430 0.0769797535
0.6275360011 0.0753975646
0.6376946157 0.0737974716
0.6477873382 0.0721822979
0.6578079005 0.0705548366
0.6677500307 0.0689178315
0.6776075690 0.0672739540
0.6873745783 0.0656257753
0.6970454437 0.0639757367
0.7066149588 0.0623261181
0.7160783931 0.0606790084
0.7254315391 0.0590362782
0.7346707382 0.0573995581
0.7437928834 0.0557702233
0.7527954001 0.0541493875
0.7616762051 0.0525379048
0.7704336462 0.0509363809
0.7790664247 0.0493451927
0.7875735035 0.0477645159
0.7959540053 0.0461943574
0.8042071044 0.0446345927
0.8123319180 0.0430850055
0.8203274017 0.0415453278
0.8281922542 0.0400152800
0.8359248360 0.0384946098
0.8435231072 0.0369831292
0.8509845869 0.0354807499
0.8583063360 0.0339875171
0.8654849654 0.0325036410
0.8725166680 0.0310295274
0.8793972719 0.0295658050
0.8861223135 0.0281133497
0.8926871236 0.0266733043
0.8990869239 0.0252470922
0.9053169264 0.0238364231
0.9113724329 0.0224432899
0.9172489258 0.0210699547
0.9229421492 0.0197189250
0.9284481744 0.0183929183
0.9337634473 0.0170948177
0.9388848178 0.0158276201
0.9438095484 0.0145943775
0.9485353055 0.0133981372
0.9530601346 0.0122418804
0.9573824220 0.0111284645
0.9615008477 0.0100605703
0.9654143321 0.0090406562
0.9691219823 0.0080709214
0.9726230386 0.0071532788
0.9759168276 0.0062893376
0.9790027208 0.0054803965
0.9818801027 0.0047274468
0.9845483480 0.0040311837
0.9870068080 0.0033920270
0.9892548056 0.0028101483
0.9912916389 0.0022855042
0.9931165905 0.0018178751
0.9947289425 0.0014069058
0.9961279948 0.0010521491
0.9973130851 0.0007531090
0.9982836101 0.0005092829
0.9990390448 0.0003201999
0.9995789606 0.0001854552
0.9999030403 0.0001047386
1.0000110888 0.0000778552
