0.9999945523 -0.0000391210
0.9998834929 -0.0000338699
0.9995503384 -0.0000181667
0.9989951629 0.0000078365
0.9982180964 0.0000438796
0.9972193344 0.0000895862
0.9959991515 0.0001444522
0.9945579169 0.0002078328
0.9928961123 0.0002789288
0.9910143515 0.0003567749
0.9889133986 0.0004402287
0.9865941865 0.0005279647
0.9840578317 0.0006184728
0.9813056453 0.0007100635
0.9783391389 0.0008008803
0.9751600232 0.0008889200
0.9717701998 0.0009720616
0.9681717436 0.0010481021
0.9643668783 0.0011148000
0.9603579425 0.0011699242
0.9561473505 0.0012113065
0.9517375469 0.0012368958
0.9471309601 0.0012448116
0.9423299554 0.0012333947
0.9373367925 0.0012012526
0.9321535908 0.0011472980
0.9267823048 0.0010707781
0.9212247138 0.0009712952
0.9154824276 0.0008488158
0.9095569087 0.0007036693
0.9034495122 0.0005365358
0.8971615414 0.0003484226
0.8906943173 0.0001406312
0.8840492581 -0.0000852871
0.8772279653 -0.0003275838
0.8702323105 -0.0005843747
0.8630645191 -0.0008537082
0.8557272440 -0.0011336393
0.8482236271 -0.0014223062
0.8405573419 -0.0017180066
0.8327326167 -0.0020192726
0.8247542344 -0.0023249369
0.8166275100 -0.0026341911
0.8083582456 -0.0029466297
0.7999526652 -0.0032622786
0.7914173320 -0.0035816066
0.7827590529 -0.0039055176
0.7739847725 -0.0042353254
0.7651014634 -0.0045727118
0.7561160152 -0.0049196699
0.7470351285 -0.0052784369
0.7378652157 -0.0056514191
0.7286123141 -0.0060411136
0.7192820130 -0.0064500301
0.7098793993 -0.0068806172
0.7004090219 -0.0073351949
0.6908748784 -0.0078158968
0.6812804243 -0.0083246219
0.6716286049 -0.0088629980
0.6619219098 -0.0094323555
0.6521624477 -0.0100337113
0.6423520388 -0.0106677613
0.6324923213 -0.0113348812
0.6225848661 -0.0120351323
0.6126312950 -0.0127682738
0.6026333965 -0.0135337781
0.5925932315 -0.0143308505
0.5825132254 -0.0151584502
0.5723962391 -0.0160153154
0.5622456154 -0.0168999884
0.5520651976 -0.0178108421
0.5418593186 -0.0187461065
0.5316327596 -0.0197038937
0.5213906800 -0.0206822204
0.5111385212 -0.0216790279
0.5008818889 -0.0226921962
0.4906264198 -0.0237195541
0.4803776386 -0.0247588842
0.4701408139 -0.0258079218
0.4599208210 -0.0268643503
0.4497220187 -0.0279257926
0.4395481497 -0.0289897999
0.4294022694 -0.0300538392
0.4192867112 -0.0311152800
0.4092030905 -0.0321713819
0.3991523518 -0.0332192820
0.3891348574 -0.0342559848
0.3791505186 -0.0352783526
0.3691989626 -0.0362830987
0.3592797327 -0.0372667840
0.3493925118 -0.0382258176
0.3395373612 -0.0391564648
0.3297149652 -0.0400548631
0.3199268689 -0.0409170509
0.3101756985 -0.0417390092
0.3004653525 -0.0425167197
0.2908011516 -0.0432462392
0.2811899360 -0.0439237892
0.2716401022 -0.0445458583
0.2621615696 -0.0451093111
0.2527656745 -0.0456114976
0.2434649884 -0.0460503534
0.2342730642 -0.0464244818
0.2252041187 -0.0467332074
0.2162726616 -0.0469765954
0.2074930885 -0.0471554294
0.1988792546 -0.0472711478
0.1904440511 -0.0473257411
0.1821990038 -0.0473216161
0.1741539131 -0.0472614390
0.1663165531 -0.0471479686
0.1586924431 -0.0469838950
0.1512847019 -0.0467716957
0.1440939932 -0.0465135208
0.1371185643 -0.0462111152
0.1303543798 -0.0458657792
0.1237953458 -0.0454783664
0.1174336196 -0.0450493126
0.1112599919 -0.0445786835
0.1052643288 -0.0440662313
0.0994360516 -0.0435114450
0.0937646344 -0.0429135864
0.0882400935 -0.0422717022
0.0828534454 -0.0415846135
0.0775971112 -0.0408508839
0.0724652497 -0.0400687768
0.0674540099 -0.0392362123
0.0625616953 -0.0383507382
0.0577888432 -0.0374095285
0.0531382243 -0.0364094177
0.0486147688 -0.0353469799
0.0442254305 -0.0342186527
0.0399789926 -0.0330209026
0.0358858234 -0.0317504257
0.0319575828 -0.0304043689
0.0282068824 -0.0289805577
0.0246469020 -0.0274777121
0.0212909650 -0.0258956316
0.0181520856 -0.0242353309
0.0152424984 -0.0224991117
0.0125731944 -0.0206905583
0.0101534859 -0.0188144560
0.0079906291 -0.0168766334
0.0060895303 -0.0148837432
0.0044525588 -0.0128429989
0.0030794806 -0.0107618909
0.0019675205 -0.0086479071
0.0011115502 -0.0065082797
0.0005043899 -0.0043497753
0.0001372087 -0.0021785400
0.0000000000 0.0000000000
0.0000821078 0.0021811946
0.0003727800 0.0043611670
0.0008617214 0.0065367853
0.0015396202 0.0087056389
0.0023986240 0.0108660089
0.0034327398 0.0130168491
0.0046381367 0.0151577824
0.0060133339 0.0172891085
0.0075592634 0.0194118152
0.0092792049 0.0215275794
0.0111785988 0.0236387431
0.0132647533 0.0257482512
0.0155464682 0.0278595414
0.0180336005 0.0299763829
0.0207366013 0.0321026685
0.0236660470 0.0342421689
0.0268321871 0.0363982672
0.0302445215 0.0385736910
0.0339114179 0.0407702636
0.0378397735 0.0429886918
0.0420347233 0.0452284098
0.0464993965 0.0474874886
0.0512347255 0.0497626205
0.0562393100 0.0520491799
0.0615093465 0.0543413582
0.0670386287 0.0566323604
0.0728186291 0.0589146518
0.0788386658 0.0611802339
0.0850861565 0.0634209293
0.0915469540 0.0656286532
0.0982057532 0.0677956536
0.1050465507 0.0699147040
0.1120531377 0.0719792399
0.1192095985 0.0739834385
0.1265007947 0.0759222434
0.1339128082 0.0777913459
0.1414333272 0.0795871355
0.1490519576 0.0813066334
0.1567604510 0.0829474228
0.1645528405 0.0845075866
0.1724254829 0.0859856610
0.1803770065 0.0873806052
0.1884081686 0.0886917891
0.1965216305 0.0899189918
0.2047216592 0.0910624052
0.2130137707 0.0921226347
0.2214043321 0.0931006882
0.2299001408 0.0939979496
0.2385080022 0.0948161319
0.2472343255 0.0955572106
0.2560847563 0.0962233416
0.2650638627 0.0968167670
0.2741748848 0.0973397184
0.2834195568 0.0977943250
0.2927980044 0.0981825327
0.3023087151 0.0985060419
0.3119485785 0.0987662671
0.3217129875 0.0989643191
0.3315959921 0.0991010097
0.3415904939 0.0991768766
0.3516884704 0.0991922218
0.3618812168 0.0991471615
0.3721595943 0.0990416795
0.3825142725 0.0988756810
0.3929359574 0.0986490418
0.4034155949 0.0983616503
0.4139445421 0.0980134413
0.4245147020 0.0976044200
0.4351186167 0.0971346778
0.4457495180 0.0966044008
0.4564013357 0.0960138721
0.4670686666 0.0953634705
0.4777467077 0.0946536670
0.4884311603 0.0938850203
0.4991181111 0.0930581725
0.5098038987 0.0921738468
0.5204849737 0.0912328464
0.5311577599 0.0902360568
0.5418185247 0.0891844500
0.5524632657 0.0880790927
0.5630876182 0.0869211568
0.5736867894 0.0857119333
0.5842555213 0.0844528474
0.5947880831 0.0831454760
0.6052782944 0.0817915640
0.6157195751 0.0803930394
0.6261050211 0.0789520244
0.6364274993 0.0774708409
0.6466797581 0.0759520087
0.6568545467 0.0743982354
0.6669447370 0.0728123959
0.6769434424 0.0711975038
0.6868441284 0.0695566737
0.6966407080 0.0678930767
0.7063276212 0.0662098916
0.7158998922 0.0645102548
0.7253531662 0.0627972114
0.7346837210 0.0610736705
0.7438884584 0.0593423679
0.7529648715 0.0576058378
0.7619109942 0.0558663943
0.7707253316 0.0541261248
0.7794067767 0.0523868933
0.7879545147 0.0506503537
0.7963679203 0.0489179711
0.8046464497 0.0471910503
0.8127895347 0.0454707676
0.8207964798 0.0437582062
0.8286663696 0.0420543915
0.8363979897 0.0403603267
0.8439897640 0.0386770265
0.8514397134 0.0370055488
0.8587454356 0.0353470240
0.8659041083 0.0337026819
0.8729125149 0.0320738752
0.8797670904 0.0304621005
0.8864639847 0.0288690144
0.8929991401 0.0272964462
0.8993683766 0.0257464032
0.9055674822 0.0242210705
0.9115923004 0.0227228023
0.9174388131 0.0212541053
0.9231032117 0.0198176129
0.9285819554 0.0184160520
0.9338718130 0.0170522021
0.9389698875 0.0157288488
0.9438736239 0.0144487346
0.9485808002 0.0132145068
0.9530895056 0.0120286680
0.9573981072 0.0108935293
0.9615052090 0.0098111684
0.9654096076 0.0087833955
0.9691102459 0.0078117271
0.9726061705 0.0068973689
0.9758964931 0.0060412078
0.9789803587 0.0052438144
0.9818569215 0.0045054531
0.9845253294 0.0038261026
0.9869847163 0.0032054828
0.9892342021 0.0026430894
0.9912728992 0.0021382342
0.9930999247 0.0016900897
0.9947144161 0.0012977369
0.9961155498 0.0009602146
0.9973025610 0.0006765683
0.9982747629 0.0004458974
0.9990315655 0.0002673989
0.9995724917 0.0001404052
0.9998971906 0.0000644158
1.0000054477 0.0000391210
