0.9999958256 -0.0000243500
0.9998848836 -0.0000130203
0.9995520831 0.0000208973
0.9989975027 0.0000771860
0.9982212783 0.0001554787
0.9972236113 0.0002552503
0.9960047786 0.0003758072
0.9945651458 0.0005162757
0.9929051824 0.0006755906
0.9910254778 0.0008524843
0.9889267588 0.0010454791
0.9866099055 0.0012528830
0.9840759670 0.0014727913
0.9813261730 0.0017030942
0.9783619417 0.0019414927
0.9751848826 0.0021855222
0.9717967924 0.0024325847
0.9681996430 0.0026799889
0.9643955626 0.0029249979
0.9603868089 0.0031648827
0.9561757344 0.0033969800
0.9517647475 0.0036187516
0.9471562687 0.0038278444
0.9423526869 0.0040221466
0.9373563168 0.0041998396
0.9321693622 0.0043594425
0.9267938880 0.0044998479
0.9212318032 0.0046203471
0.9154848581 0.0047206450
0.9095546570 0.0048008626
0.9034426861 0.0048615290
0.8971503571 0.0049035607
0.8906790643 0.0049282312
0.8840302519 0.0049371282
0.8772054886 0.0049321031
0.8702065453 0.0049152095
0.8630354706 0.0048886360
0.8556946601 0.0048546314
0.8481869150 0.0048154273
0.8405154865 0.0047731587
0.8326841022 0.0047297867
0.8246969742 0.0046870257
0.8165587860 0.0046462788
0.8082746610 0.0046085848
0.7998501123 0.0045745784
0.7912909774 0.0045444668
0.7826033404 0.0045180224
0.7737934460 0.0044945936
0.7648676094 0.0044731310
0.7558321252 0.0044522280
0.7466931801 0.0044301732
0.7374567727 0.0044050118
0.7281286434 0.0043746116
0.7187142167 0.0043367307
0.7092185593 0.0042890839
0.6996463545 0.0042294037
0.6900018957 0.0041554950
0.6802890973 0.0040652804
0.6705115267 0.0039568355
0.6606724524 0.0038284144
0.6507749103 0.0036784642
0.6408217837 0.0035056307
0.6308158941 0.0033087543
0.6207600985 0.0030868596
0.6106573894 0.0028391377
0.6005109905 0.0025649241
0.5903244444 0.0022636734
0.5801016858 0.0019349318
0.5698470959 0.0015783097
0.5595655344 0.0011934551
0.5492623446 0.0007800312
0.5389433313 0.0003376975
0.5286147103 -0.0001339018
0.5182830310 -0.0006351422
0.5079550734 -0.0011664146
0.4976377260 -0.0017281125
0.4873378464 -0.0023206111
0.4770621136 -0.0029442382
0.4668168778 -0.0035992409
0.4566080153 -0.0042857478
0.4464407959 -0.0050037313
0.4363197708 -0.0057529712
0.4262486878 -0.0065330224
0.4162304393 -0.0073431886
0.4062670486 -0.0081825021
0.3963596971 -0.0090497114
0.3865087945 -0.0099432746
0.3767140896 -0.0108613585
0.3669748208 -0.0118018414
0.3572898992 -0.0127623196
0.3476581182 -0.0137401146
0.3380783811 -0.0147322826
0.3285499352 -0.0157356265
0.3190726036 -0.0167467114
0.3096470014 -0.0177618847
0.3002747281 -0.0187773055
0.2909585232 -0.0197889810
0.2817023776 -0.0207928155
0.2725115936 -0.0217846678
0.2633927845 -0.0227604179
0.2543538140 -0.0237160395
0.2454036711 -0.0246476728
0.2365522842 -0.0255516930
0.2278102778 -0.0264247689
0.2191886818 -0.0272639048
0.2106986035 -0.0280664630
0.2023508773 -0.0288301634
0.1941557077 -0.0295530613
0.1861223236 -0.0302335040
0.1782586611 -0.0308700738
0.1705710921 -0.0314615214
0.1630642134 -0.0320066987
0.1557407085 -0.0325044979
0.1486012923 -0.0329538015
0.1416447427 -0.0333534480
0.1348680215 -0.0337022124
0.1282664799 -0.0339987998
0.1218341393 -0.0342418458
0.1155640368 -0.0344299185
0.1094486147 -0.0345615130
0.1034801355 -0.0346350353
0.0976511000 -0.0346487697
0.0919546474 -0.0346008330
0.0863849166 -0.0344891178
0.0809373566 -0.0343112335
0.0756089733 -0.0340644546
0.0703985101 -0.0337456879
0.0653065632 -0.0333514673
0.0603356339 -0.0328779868
0.0554901258 -0.0323211758
0.0507762909 -0.0316768184
0.0462021304 -0.0309407165
0.0417772493 -0.0301088896
0.0375126650 -0.0291778032
0.0334205653 -0.0281446128
0.0295140109 -0.0270074071
0.0258065820 -0.0257654328
0.0223119683 -0.0244192811
0.0190435127 -0.0229710160
0.0160137229 -0.0214242285
0.0132337770 -0.0197840041
0.0107130517 -0.0180568007
0.0084587074 -0.0162502421
0.0064753620 -0.0143728409
0.0047648817 -0.0124336753
0.0033263055 -0.0104420467
0.0021559120 -0.0084071476
0.0012474255 -0.0063377661
0.0005923467 -0.0042420471
0.0001803897 -0.0021273207
0.0000000000 0.0000000000
0.0000389268 0.0021344645
0.0002848232 0.0042715721
0.0007258461 0.0064077298
0.0013512287 0.0085402101
0.0021517992 0.0106671105
0.0031204169 0.0127873321
0.0042523050 0.0149005806
0.0055452555 0.0170073877
0.0069996975 0.0191091422
0.0086186222 0.0212081121
0.0104073742 0.0233074409
0.0123733261 0.0254110996
0.0145254649 0.0275237803
0.0168739205 0.0296507285
0.0194294729 0.0317975150
0.0222030645 0.0339697601
0.0252053455 0.0361728266
0.0284462648 0.0384115039
0.0319347181 0.0406897043
0.0356782515 0.0430101924
0.0396828218 0.0453743654
0.0439526058 0.0477820975
0.0484898575 0.0502316565
0.0532948098 0.0527196970
0.0583656229 0.0552413290
0.0636983832 0.0577902558
0.0692871579 0.0603589711
0.0751241119 0.0629390029
0.0811996908 0.0655211847
0.0875028702 0.0680959399
0.0940214673 0.0706535565
0.1007425058 0.0731844403
0.1076526179 0.0756793307
0.1147384645 0.0781294714
0.1219871530 0.0805267339
0.1293866299 0.0828636937
0.1369260281 0.0851336673
0.1445959509 0.0873307151
0.1523886806 0.0894496233
0.1602983015 0.0914858708
0.1683207349 0.0934355889
0.1764536867 0.0952955201
0.1846965120 0.0970629761
0.1930500078 0.0987357961
0.2015161442 0.1003123041
0.2100977505 0.1017912626
0.2187981729 0.1031718208
0.2276209208 0.1044534566
0.2365693195 0.1056359136
0.2456461860 0.1067191345
0.2548535414 0.1077031943
0.2641923713 0.1085882397
0.2736624432 0.1093744368
0.2832621853 0.1100619334
0.2929886288 0.1106508379
0.3028374121 0.1111412169
0.3128028437 0.1115331100
0.3228780175 0.1118265609
0.3330549722 0.1120216607
0.3433248874 0.1121185969
0.3536783039 0.1121177055
0.3641053585 0.1120195188
0.3745960232 0.1118248047
0.3851403354 0.1115345957
0.3957286121 0.1111502035
0.4063516369 0.1106732207
0.4170008140 0.1101055102
0.4276682836 0.1094491837
0.4383469956 0.1087065736
0.4490307408 0.1078802004
0.4597141413 0.1069727393
0.4703926027 0.1059869883
0.4810622327 0.1049258400
0.4917197337 0.1037922580
0.5023622740 0.1025892586
0.5129873464 0.1013198980
0.5235926228 0.0999872634
0.5341758092 0.0985944690
0.5447345120 0.0971446550
0.5552661187 0.0956409877
0.5657676991 0.0940866632
0.5762359326 0.0924849103
0.5866670610 0.0908389943
0.5970568702 0.0891522208
0.6074007003 0.0874279371
0.6176934807 0.0856695327
0.6279297886 0.0838804366
0.6381039265 0.0820641099
0.6482100132 0.0802240347
0.6582420841 0.0783636974
0.6681941944 0.0764865667
0.6780605206 0.0745960670
0.6878354553 0.0726955463
0.6975136908 0.0707882433
0.7070902885 0.0688772512
0.7165607323 0.0669654839
0.7259209625 0.0650556442
0.7351673917 0.0631501978
0.7442969014 0.0612513531
0.7533068199 0.0593610496
0.7621948842 0.0574809550
0.7709591855 0.0556124715
0.7795981032 0.0537567505
0.7881102273 0.0519147150
0.7964942749 0.0500870890
0.8047490025 0.0482744315
0.8128731193 0.0464771742
0.8208652038 0.0446956606
0.8287236298 0.0429301861
0.8364465041 0.0411810376
0.8440316195 0.0394485311
0.8514764255 0.0377330485
0.8587780195 0.0360350711
0.8659331568 0.0343552111
0.8729382801 0.0326942399
0.8797895670 0.0310531126
0.8864829909 0.0294329879
0.8930143930 0.0278352429
0.8993795609 0.0262614800
0.9055743083 0.0247135276
0.9115945521 0.0231934310
0.9174363826 0.0217034344
0.9230961223 0.0202459535
0.9285703722 0.0188235404
0.9338560416 0.0174388399
0.9389503633 0.0160945412
0.9438508923 0.0147933247
0.9485554915 0.0135378092
0.9530623050 0.0123304987
0.9573697233 0.0111737334
0.9614763427 0.0100696453
0.9653809233 0.0090201217
0.9690823465 0.0080267760
0.9725795778 0.0070909272
0.9758716336 0.0062135897
0.9789575559 0.0053954713
0.9818363938 0.0046369813
0.9845071941 0.0039382466
0.9869689973 0.0032991362
0.9892208419 0.0027192928
0.9912617729 0.0021981703
0.9930908547 0.0017350757
0.9947071871 0.0013292158
0.9961099227 0.0009797436
0.9972982841 0.0006858066
0.9982715809 0.0004465925
0.9990292258 0.0002613716
0.9995707470 0.0001295343
0.9998957999 0.0000506220
1.0000041744 0.0000243500
