0.9999917989 -0.0000529079
0.9998803073 -0.0000476972
0.9995458569 -0.0000321247
0.9989885236 -0.0000063718
0.9982084422 0.0000292526
0.9972058182 0.0000743025
0.9959809438 0.0001281822
0.9945342167 0.0001901326
0.9928661617 0.0002592165
0.9909774529 0.0003343052
0.9888689353 0.0004140672
0.9865416452 0.0004969615
0.9839968266 0.0005812369
0.9812359423 0.0006649373
0.9782606791 0.0007459164
0.9750729445 0.0008218601
0.9716748547 0.0008903190
0.9680687133 0.0009487485
0.9642569793 0.0009945571
0.9602422280 0.0010251606
0.9560271023 0.0010380409
0.9516142595 0.0010308058
0.9470063151 0.0010012494
0.9422057868 0.0009474081
0.9372150429 0.0008676125
0.9320362590 0.0007605311
0.9266713864 0.0006252057
0.9211221355 0.0004610773
0.9153899773 0.0002680010
0.9094761632 0.0000462510
0.9033817640 -0.0002034848
0.8971077271 -0.0004801208
0.8906549494 -0.0007821990
0.8840243614 -0.0011079238
0.8772170205 -0.0014552059
0.8702342050 -0.0018217147
0.8630775073 -0.0022049379
0.8557489174 -0.0026022480
0.8482508944 -0.0030109724
0.8405864198 -0.0034284678
0.8327590300 -0.0038521923
0.8247728259 -0.0042797762
0.8166324583 -0.0047090850
0.8083430890 -0.0051382733
0.7999103305 -0.0055658266
0.7913401665 -0.0059905877
0.7826388573 -0.0064117682
0.7738128344 -0.0068289429
0.7648685904 -0.0072420292
0.7558125674 -0.0076512529
0.7466510519 -0.0080571022
0.7373900774 -0.0084602740
0.7280353422 -0.0088616156
0.7185921440 -0.0092620656
0.7090653351 -0.0096625961
0.6994593009 -0.0100641612
0.6897779617 -0.0104676520
0.6800248004 -0.0108738613
0.6702029139 -0.0112834582
0.6603150876 -0.0116969724
0.6503638901 -0.0121147899
0.6403517842 -0.0125371573
0.6302812495 -0.0129641956
0.6201549109 -0.0133959216
0.6099756664 -0.0138322754
0.5997468079 -0.0142731537
0.5894721270 -0.0147184464
0.5791560015 -0.0151680754
0.5688034544 -0.0156220330
0.5584201823 -0.0160804181
0.5480125507 -0.0165434681
0.5375875515 -0.0170115833
0.5271527272 -0.0174853422
0.5167160604 -0.0179655053
0.5062858340 -0.0184530061
0.4958704678 -0.0189489301
0.4854783371 -0.0194544801
0.4751175833 -0.0199709314
0.4647959225 -0.0204995785
0.4545204634 -0.0210416767
0.4442975420 -0.0215983823
0.4341325828 -0.0221706960
0.4240299925 -0.0227594116
0.4139930952 -0.0233650739
0.4040241126 -0.0239879471
0.3941241935 -0.0246279946
0.3842934930 -0.0252848685
0.3745313018 -0.0259579094
0.3648362201 -0.0266461517
0.3552063719 -0.0273483337
0.3456396491 -0.0280629103
0.3361339762 -0.0287880654
0.3266875835 -0.0295217254
0.3172992747 -0.0302615721
0.3079686774 -0.0310050580
0.2986964616 -0.0317494255
0.2894845170 -0.0324917313
0.2803360772 -0.0332288785
0.2712557834 -0.0339576565
0.2622496819 -0.0346747880
0.2533251525 -0.0353769825
0.2444907684 -0.0360609904
0.2357560898 -0.0367236558
0.2271313993 -0.0373619618
0.2186273873 -0.0379730646
0.2102548021 -0.0385543118
0.2020240786 -0.0391032449
0.1939449636 -0.0396175842
0.1860261556 -0.0400952003
0.1782749781 -0.0405340753
0.1706971022 -0.0409322613
0.1632963366 -0.0412878394
0.1560744950 -0.0415988882
0.1490313533 -0.0418634631
0.1421646990 -0.0420795892
0.1354704762 -0.0422452658
0.1289430191 -0.0423584785
0.1225753657 -0.0424172120
0.1163596364 -0.0424194574
0.1102874570 -0.0423632053
0.1043504063 -0.0422464213
0.0985404615 -0.0420670017
0.0928504218 -0.0418227111
0.0872742893 -0.0415111097
0.0818075920 -0.0411294784
0.0764476405 -0.0406747546
0.0711937155 -0.0401434918
0.0660471851 -0.0395318521
0.0610115594 -0.0388356436
0.0560924854 -0.0380504072
0.0512976892 -0.0371715542
0.0466368655 -0.0361945541
0.0421215154 -0.0351151647
0.0377647271 -0.0339296944
0.0335808941 -0.0326352810
0.0295853644 -0.0312301682
0.0257940182 -0.0297139578
0.0222227776 -0.0280878126
0.0188870601 -0.0263545878
0.0158011968 -0.0245188708
0.0129778484 -0.0225869172
0.0104274559 -0.0205664799
0.0081577657 -0.0184665416
0.0061734694 -0.0162969699
0.0044759854 -0.0140681271
0.0030634020 -0.0117904679
0.0019305847 -0.0094741619
0.0010694417 -0.0071287704
0.0004693262 -0.0047629998
0.0001175532 -0.0023845419
0.0000000000 0.0000000000
0.0001017633 0.0023851230
0.0004078437 0.0047663574
0.0009038299 0.0071401691
0.0015765560 0.0095038797
0.0024147026 0.0118555911
0.0034093132 0.0141941430
0.0045541977 0.0165191106
0.0058461972 0.0188308402
0.0072852934 0.0211305099
0.0088745508 0.0234201944
0.0106199004 0.0257029098
0.0125297788 0.0279826130
0.0146146556 0.0302641364
0.0168864843 0.0325530466
0.0193581193 0.0348554265
0.0220427357 0.0371775928
0.0249532834 0.0395257643
0.0281019987 0.0419057093
0.0314999829 0.0443223948
0.0351568531 0.0467796655
0.0390804621 0.0492799720
0.0432766804 0.0518241672
0.0477492357 0.0544113799
0.0524996044 0.0570389739
0.0575269557 0.0597025896
0.0628281479 0.0623962665
0.0683977852 0.0651126332
0.0742283375 0.0678431534
0.0803103294 0.0705784092
0.0866325993 0.0733084026
0.0931826250 0.0760228558
0.0999469063 0.0787114916
0.1069113915 0.0813642780
0.1140619253 0.0839716286
0.1213846983 0.0865245505
0.1288666735 0.0890147435
0.1364959671 0.0914346509
0.1442621645 0.0937774749
0.1521565575 0.0960371612
0.1601722914 0.0982083675
0.1683044180 0.1002864198
0.1765498546 0.1022672659
0.1849072561 0.1041474288
0.1933768065 0.1059239607
0.2019599456 0.1075943988
0.2106590450 0.1091567203
0.2194770514 0.1106092957
0.2284171152 0.1119508409
0.2374822222 0.1131803660
0.2466748475 0.1142971259
0.2559966440 0.1153005718
0.2654481815 0.1161903110
0.2750287436 0.1169660759
0.2847361915 0.1176277057
0.2945668954 0.1181751447
0.3045157362 0.1186084546
0.3145761726 0.1189278410
0.3247403692 0.1191336917
0.3349993771 0.1192266195
0.3453433565 0.1192075077
0.3557618311 0.1190775499
0.3662439593 0.1188382814
0.3767788111 0.1184915965
0.3873556369 0.1180397517
0.3979641157 0.1174853525
0.4085945728 0.1168313264
0.4192381581 0.1160808839
0.4298869790 0.1152374719
0.4405341836 0.1143047235
0.4511739947 0.1132864077
0.4618016933 0.1121863831
0.4724135580 0.1110085580
0.4830067629 0.1097568579
0.4935792430 0.1084352020
0.5041295322 0.1070474865
0.5146565858 0.1055975752
0.5251595933 0.1040892950
0.5356377923 0.1025264348
0.5460902919 0.1009127459
0.5565159126 0.0992519438
0.5669130512 0.0975477089
0.5772795742 0.0958036876
0.5876127452 0.0940234917
0.5979091876 0.0922106970
0.6081648830 0.0903688410
0.6183752037 0.0885014192
0.6285349763 0.0866118802
0.6386385711 0.0847036174
0.6486800127 0.0827799600
0.6586531042 0.0808441585
0.6685515591 0.0788993686
0.6783691334 0.0769486305
0.6880997522 0.0749948455
0.6977376247 0.0730407504
0.7072773422 0.0710888918
0.7167139564 0.0691416002
0.7260430352 0.0672009685
0.7352606929 0.0652688345
0.7443635967 0.0633467695
0.7533489481 0.0614360756
0.7622144419 0.0595377905
0.7709582046 0.0576527010
0.7795787148 0.0557813647
0.7880747104 0.0539241384
0.7964450858 0.0520812125
0.8046887844 0.0502526484
0.8128046913 0.0484384199
0.8207915314 0.0466384535
0.8286477781 0.0448526702
0.8363715764 0.0430810249
0.8439606862 0.0413235449
0.8514124461 0.0395803653
0.8587237622 0.0378517638
0.8658911201 0.0361381920
0.8729106205 0.0344403042
0.8797780352 0.0327589833
0.8864888814 0.0310953616
0.8930385080 0.0294508371
0.8994221909 0.0278270816
0.9056352304 0.0262260414
0.9116730459 0.0246499277
0.9175312634 0.0231011974
0.9232057900 0.0215825227
0.9286928738 0.0200967518
0.9339891448 0.0186468599
0.9390916371 0.0172358949
0.9439977924 0.0158669176
0.9487054451 0.0145429412
0.9532127929 0.0132668723
0.9575183553 0.0120414547
0.9616209236 0.0108692204
0.9655195066 0.0097524479
0.9692132762 0.0086931300
0.9727015155 0.0076929511
0.9759835718 0.0067532750
0.9790588185 0.0058751428
0.9819266245 0.0050592804
0.9845863345 0.0043061143
0.9870372576 0.0036157967
0.9892786654 0.0029882362
0.9913097979 0.0024231353
0.9931298754 0.0019200320
0.9947381163 0.0014783442
0.9961337575 0.0010974163
0.9973160771 0.0007765654
0.9982844171 0.0005151254
0.9990382049 0.0003124887
0.9995769732 0.0001681418
0.9999003762 0.0000816958
1.0000082011 0.0000529079
