0.9999817472 -0.0001396372
0.9998705360 -0.0001371669
0.9995369395 -0.0001298605
0.9989810711 -0.0001180333
0.9982031273 -0.0001022144
0.9972033979 -0.0000831508
0.9959822808 -0.0000618138
0.9945402979 -0.0000394036
0.9928781141 -0.0000173543
0.9909965555 0.0000026647
0.9888966277 0.0000187511
0.9865795305 0.0000287766
0.9840466691 0.0000304008
0.9812996591 0.0000210927
0.9783403248 -0.0000018403
0.9751706883 -0.0000412148
0.9717929491 -0.0000999257
0.9682094547 -0.0001808935
0.9644226609 -0.0002870060
0.9604350832 -0.0004210554
0.9562492424 -0.0005856741
0.9518676047 -0.0007832703
0.9472925216 -0.0010159671
0.9425261723 -0.0012855462
0.9375705123 -0.0015933980
0.9324272343 -0.0019404808
0.9270977418 -0.0023272888
0.9215831427 -0.0027538299
0.9158842604 -0.0032196140
0.9100016677 -0.0037236509
0.9039357406 -0.0042644595
0.8976867308 -0.0048400858
0.8912548556 -0.0054481327
0.8846403993 -0.0060858000
0.8778438233 -0.0067499346
0.8708658785 -0.0074370926
0.8637077138 -0.0081436112
0.8563709771 -0.0088656907
0.8488579000 -0.0095994835
0.8411713645 -0.0103411898
0.8333149452 -0.0110871538
0.8252929256 -0.0118339596
0.8171102867 -0.0125785198
0.8087726677 -0.0133181533
0.8002863015 -0.0140506494
0.7916579276 -0.0147743122
0.7828946860 -0.0154879855
0.7740039995 -0.0161910561
0.7649934473 -0.0168834349
0.7558706383 -0.0175655199
0.7466430867 -0.0182381412
0.7373180984 -0.0189024945
0.7279026686 -0.0195600650
0.7184033977 -0.0202125478
0.7088264266 -0.0208617688
0.6991773943 -0.0215096094
0.6894614181 -0.0221579393
0.6796831002 -0.0228085582
0.6698465563 -0.0234631502
0.6599554693 -0.0241232486
0.6500131629 -0.0247902136
0.6400226948 -0.0254652208
0.6299869624 -0.0261492590
0.6199088187 -0.0268431366
0.6097911905 -0.0275474949
0.5996371931 -0.0282628249
0.5894502354 -0.0289894887
0.5792341072 -0.0297277407
0.5689930443 -0.0304777495
0.5587317654 -0.0312396174
0.5484554774 -0.0320133965
0.5381698468 -0.0327991002
0.5278809361 -0.0335967089
0.5175951079 -0.0344061687
0.5073188993 -0.0352273837
0.4970588720 -0.0360602014
0.4868214441 -0.0369043920
0.4766127138 -0.0377596237
0.4664382812 -0.0386254355
0.4563030810 -0.0395012087
0.4462112337 -0.0403861417
0.4361659256 -0.0412792271
0.4261693264 -0.0421792354
0.4162225518 -0.0430847031
0.4063256757 -0.0439939279
0.3964777964 -0.0449049677
0.3866771558 -0.0458156435
0.3769213115 -0.0467235435
0.3672073538 -0.0476260272
0.3575321634 -0.0485202286
0.3478926970 -0.0494030583
0.3382862904 -0.0502712054
0.3287109665 -0.0511211420
0.3191657332 -0.0519491332
0.3096508590 -0.0527512560
0.3001681116 -0.0535234323
0.2907209476 -0.0542614765
0.2813146412 -0.0549611617
0.2719563437 -0.0556183011
0.2626550640 -0.0562288451
0.2534215673 -0.0567889839
0.2442681898 -0.0572952530
0.2352085721 -0.0577446287
0.2262573188 -0.0581346055
0.2174295953 -0.0584632468
0.2087406784 -0.0587292024
0.2002054787 -0.0589316877
0.1918380577 -0.0590704269
0.1836511618 -0.0591455628
0.1756557947 -0.0591575435
0.1678608499 -0.0591069947
0.1602728211 -0.0589945924
0.1528956036 -0.0588209474
0.1457303989 -0.0585865129
0.1387757282 -0.0582915217
0.1320275556 -0.0579359566
0.1254795208 -0.0575195527
0.1191232718 -0.0570418228
0.1129488851 -0.0565020991
0.1069453575 -0.0558995754
0.1011011450 -0.0552333416
0.0954047249 -0.0545023978
0.0898451533 -0.0537056444
0.0844125906 -0.0528418475
0.0790987720 -0.0519095841
0.0738974031 -0.0509071792
0.0688044687 -0.0498326464
0.0638184467 -0.0486836492
0.0589404291 -0.0474574950
0.0541741500 -0.0461511749
0.0495259301 -0.0447614555
0.0450045399 -0.0432850251
0.0406209883 -0.0417186894
0.0363882381 -0.0400596077
0.0323208496 -0.0383055541
0.0284345534 -0.0364551840
0.0247457560 -0.0345082825
0.0212709864 -0.0324659708
0.0180262992 -0.0303308474
0.0150266566 -0.0281070437
0.0122853218 -0.0258001844
0.0098132972 -0.0234172476
0.0076188475 -0.0209663351
0.0057071399 -0.0184563710
0.0040800295 -0.0158967558
0.0027360050 -0.0132970094
0.0016702992 -0.0106664334
0.0008751559 -0.0080138216
0.0003402356 -0.0053472395
0.0000531361 -0.0026738803
0.0000000000 -0.0000000000
0.0001661804 0.0026691124
0.0005369343 0.0053290527
0.0010981157 0.0079761908
0.0018368416 0.0106076174
0.0027420996 0.0132210744
0.0038052692 0.0158149149
0.0050205271 0.0183881000
0.0063851155 0.0209402291
0.0078994521 0.0234715938
0.0095670775 0.0259832351
0.0113944405 0.0284769821
0.0133905397 0.0309554515
0.0155664468 0.0334219873
0.0179347465 0.0358805337
0.0205089303 0.0383354390
0.0233027802 0.0407912003
0.0263297724 0.0432521670
0.0296025258 0.0457222261
0.0331323085 0.0482044947
0.0369286122 0.0507010448
0.0409987975 0.0532126816
0.0453478107 0.0557387940
0.0499779740 0.0582772861
0.0548888513 0.0608245951
0.0600771931 0.0633757927
0.0655369679 0.0659247599
0.0712594839 0.0684644214
0.0772336060 0.0709870187
0.0834460660 0.0734844000
0.0898818607 0.0759483041
0.0965247245 0.0783706176
0.1033576575 0.0807435885
0.1103634854 0.0830599867
0.1175254235 0.0853132065
0.1248276190 0.0874973158
0.1322556444 0.0896070587
0.1397969214 0.0916378262
0.1474410559 0.0935856064
0.1551800730 0.0954469294
0.1630085437 0.0972188159
0.1709236013 0.0988987373
0.1789248484 0.1004845897
0.1870141620 0.1019746796
0.1951954065 0.1033677182
0.2034740693 0.1046628161
0.2118568370 0.1058594725
0.2203511320 0.1069575519
0.2289646329 0.1079572454
0.2377048008 0.1088590142
0.2465784327 0.1096635187
0.2555912619 0.1103715371
0.2647476212 0.1109838818
0.2740501796 0.1115013201
0.2834997609 0.1119245085
0.2930952453 0.1122539460
0.3028335545 0.1124899526
0.3127097141 0.1126326718
0.3227169862 0.1126821002
0.3328470629 0.1126381363
0.3430903086 0.1125006467
0.3534360396 0.1122695406
0.3638728256 0.1119448453
0.3743888014 0.1115267782
0.3849719741 0.1110158068
0.3956105128 0.1104126943
0.4062930097 0.1097185292
0.4170087015 0.1089347367
0.4277476450 0.1080630766
0.4385008408 0.1071056268
0.4492603030 0.1060647599
0.4600190757 0.1049431126
0.4707711993 0.1037435551
0.4815116325 0.1024691607
0.4922361360 0.1011231788
0.5029411280 0.0997090121
0.5136235205 0.0982301989
0.5242805458 0.0966903998
0.5349095834 0.0950933876
0.5455079965 0.0934430411
0.5560729858 0.0917433394
0.5666014682 0.0899983583
0.5770899843 0.0882122653
0.5875346395 0.0863893136
0.5979310792 0.0845338348
0.6082744977 0.0826502268
0.6185596797 0.0807429396
0.6287810685 0.0788164549
0.6389328582 0.0768752613
0.6490091021 0.0749238233
0.6590038314 0.0729665450
0.6689111775 0.0710077284
0.6787254910 0.0690515279
0.6884414525 0.0671019024
0.6980541683 0.0651625670
0.7075592488 0.0632369468
0.7169528649 0.0613281355
0.7262317815 0.0594388603
0.7353933666 0.0575714570
0.7444355757 0.0557278546
0.7533569133 0.0539095721
0.7621563711 0.0521177269
0.7708333476 0.0503530538
0.7793875498 0.0486159340
0.7878188817 0.0469064313
0.7961273247 0.0452243347
0.8043128133 0.0435692026
0.8123751126 0.0419404100
0.8203137031 0.0403371935
0.8281276784 0.0387586959
0.8358156612 0.0372040075
0.8433757414 0.0356722063
0.8508054405 0.0341623960
0.8581017026 0.0326737440
0.8652609136 0.0312055181
0.8722789470 0.0297571241
0.8791512323 0.0283281423
0.8858728435 0.0269183639
0.8924386017 0.0255278239
0.8988431872 0.0241568294
0.9050812538 0.0228059817
0.9111475414 0.0214761893
0.9170369804 0.0201686695
0.9227447828 0.0188849395
0.9282665183 0.0176267939
0.9335981695 0.0163962713
0.9387361677 0.0151956104
0.9436774069 0.0140271975
0.9484192386 0.0128935089
0.9529594478 0.0117970506
0.9572962152 0.0107402982
0.9614280684 0.0097256407
0.9653538250 0.0087553294
0.9690725348 0.0078314347
0.9725834212 0.0069558116
0.9758858280 0.0061300754
0.9789791727 0.0053555862
0.9818629077 0.0046334437
0.9845364921 0.0039644916
0.9869993724 0.0033493287
0.9892509730 0.0027883293
0.9912906952 0.0022816679
0.9931179230 0.0018293499
0.9947320350 0.0014312456
0.9961324205 0.0010871261
0.9973184974 0.0007966999
0.9982897320 0.0005596488
0.9990456573 0.0003756609
0.9995858906 0.0002444602
0.9999101474 0.0001658313
1.0000182528 0.0001396372
