1.0000309566911854 -5.862493933196178e-05
0.9999201728987501 -5.548367706817176e-05
0.9995878586828862 -4.6160978294343055e-05
0.9990341266255529 -3.096110965733782e-05
0.9982591710230719 -1.0394131299996858e-05
0.997263275676426 1.4819984734983777e-05
0.9960468264803634 4.374672477006937e-05
0.9946103250132069 7.523270139613795e-05
0.9929544039290217 0.0001079023171232478
0.9910798433563875 0.00014015722566267748
0.9889875860061489 0.00017017959626757862
0.9866787505909725 0.0001959403820733013
0.9841546420600252 0.0002152139959748665
0.9814167562490131 0.00022559949970757474
0.9784667794512465 0.00022455070494358399
0.9753065790038414 0.000209412695619084
0.9719381872958947 0.00017746766581772664
0.9683637754896736 0.00012598628195638166
0.9645856193571745 5.228556360416898e-05
0.9606060574249639 -4.620971752904634e-05
0.9564274418242363 -0.00017190342137545726
0.9520520860404077 -0.0003269646159726543
0.9474822109551577 -0.000513267349904457
0.9427198927797322 -0.0007323341292172088
0.937767017771229 -0.0009852866103703807
0.9326252451302061 -0.001272804212524832
0.927295984277006 -0.001595091763803476
0.9217803867056055 -0.0019518566819951445
0.916079356810266 -0.0023422977000841973
0.9101935806908824 -0.0027651026342519047
0.9041235741299487 -0.00321845819717437
0.8978697477461015 -0.0037000697519009706
0.8914324873188185 -0.004207193301585029
0.8848122459885298 -0.004736677907280657
0.8780096431281427 -0.005285020221524129
0.8710255665883516 -0.005848430129911535
0.8638612718155684 -0.006422907985325167
0.8565184731483918 -0.007004330923719266
0.8489994218923909 -0.00758854834871575
0.841306966884551 -0.008171481774871297
0.8334445936499871 -0.00874922792041118
0.8254164397650986 -0.009318159043780338
0.817227285033779 -0.00987501772071419
0.8088825163906108 -0.010417000161609487
0.800388070438358 -0.010941824976050642
0.791750355229427 -0.011447783288280387
0.7829761566943558 -0.011933768916367472
0.7740725339255787 -0.012399285124997106
0.7650467082091365 -0.01284443106344405
0.7559059523047844 -0.01326986770407506
0.7466574828678813 -0.013676766088219529
0.737308362604303 -0.014066741594980264
0.7278654134458679 -0.014441779536038795
0.7183351461417675 -0.014804153989199001
0.7087237058487761 -0.015156347169704326
0.6990368375180962 -0.015500970248297639
0.6892798710644443 -0.015840691716006737
0.6794577267166639 -0.016178173596599017
0.669574940542784 -0.016516018506696997
0.65963570844646 -0.0168567288595374
0.6496439484397523 -0.017202676111907542
0.6396033766847034 -0.017556083243625835
0.6295175955150495 -0.01791901566533014
0.6193901885347749 -0.01829338194300142
0.6092248174024962 -0.018680940526484308
0.5990253162019235 -0.019083312372324947
0.5887957759057383 -0.019501996343227784
0.5785406154380934 -0.01993838517587411
0.568264632137405 -0.02039378130010561
0.5579730281265308 -0.020869409501217986
0.547671409492705 -0.021366425418048476
0.537365755580541 -0.021885918470486806
0.5270623574030632 -0.022428907114054247
0.5167677279674544 -0.022996327828157744
0.506488485319061 -0.023589016339911895
0.49623121410174487 -0.024207681897219998
0.48600231073008887 -0.024852876503149723
0.4758078198687073 -0.02552496112977696
0.46565326951651925 -0.02622406982873023
0.4555435148839148 -0.02695007686250295
0.44548259816350105 -0.027702566573297116
0.435473635684011 -0.028480810416536783
0.42551873754664915 -0.02928375147109144
0.4156189698421962 -0.030109997150052657
0.4057743634486232 -0.030957820221507545
0.3959839721151115 -0.031825165645690504
0.3862459824329427 -0.03270966303465222
0.3765578729045994 -0.03360863992784877
0.36691661681109045 -0.03451913587113772
0.3573189237862521 -0.03543791358715083
0.3477615078952246 -0.03636146840823675
0.33824137361996137 -0.03728603475167254
0.3287561061444906 -0.038207592705027285
0.31930415273429924 -0.03912187709050614
0.30988508339712273 -0.040024394380401104
0.30049981862305103 -0.04091044833484243
0.2911508113872227 -0.04177518143161088
0.2818421748156032 -0.04261363186770743
0.27257974731080237 -0.04342080741331701
0.26337108584149654 -0.04419177459621381
0.254225387306554 -0.04492175851638514
0.24515333308733214 -0.04560624757932121
0.23616686060773517 -0.04624109485696534
0.2272788677218439 -0.046822607690041665
0.21850285914869122 -0.04734761725350389
0.20985254897208525 -0.04781352051817961
0.20134143641558536 -0.04821829034922998
0.19298237349517558 -0.04856045268534156
0.18478714644745 -0.048839031750352056
0.17676609091743575 -0.04905347004451025
0.16892776008782126 -0.049203530860678385
0.16127866402734545 -0.04928919276865621
0.15382309223281704 -0.04931054689592768
0.14656302934183424 -0.04926770672841259
0.13949817080485366 -0.04916073524726432
0.13262603650292112 -0.04898959519697544
0.12594218091531695 -0.048754120681491084
0.1194404893463535 -0.04845400616355093
0.11311354832269015 -0.048088808039178185
0.10695307228411698 -0.04765794904508175
0.10095036688249953 -0.0471607192524784
0.09509680580476768 -0.046596266892816096
0.08938429942449459 -0.04596357706417128
0.08380573228024132 -0.04526143906401642
0.07835535246796477 -0.044488407708443076
0.07302909752840878 -0.0436427667014592
0.06782484870400257 -0.04272250483520725
0.06274260833836631 -0.04172531640879435
0.057784600994812765 -0.04064863586712317
0.052955299879203006 -0.03948971286348384
0.048261381751564796 -0.03824573435344343
0.04371161293567417 -0.03691398982618224
0.03931666693320948 -0.035492076874465386
0.03508887377222535 -0.03397813450352063
0.03104189872395074 -0.0323710897731965
0.02719035193465356 -0.030670897976997312
0.02354933012568967 -0.028878753860654655
0.020133902414351916 -0.02699725160862895
0.016958553507658937 -0.025030471529766854
0.014036612306072515 -0.02298397780826463
0.011379695136185633 -0.020864719288899294
0.008997200512042324 -0.018680833483645895
0.006895889488635824 -0.01644136928014594
0.0050795837624014245 -0.014155947527995816
0.0035490020419161675 -0.011834392051400048
0.002301745416058426 -0.009486361913601544
0.0013324310421903294 -0.007121017731580939
0.0006329609963205045 -0.004746746610028173
0.00019290904161774094 -0.0023709641539266203
0.0 0.0
4.0657934892289154e-05 0.0023609365891587887
0.0003005995983402446 0.004707733623932278
0.0007654479979276762 0.0070372769388086795
0.0014213455952277866 0.00934732174430124
0.0022555478494031846 0.01163638332532481
0.003256971165418765 0.013903629747225841
0.004416672514217693 0.016148805123215676
0.005728235248777018 0.018372193603383
0.007188038613036422 0.020574622838409933
0.008795390726285435 0.02275749956570357
0.010552513804557117 0.024922861044430637
0.01246438126685229 0.02707342024022532
0.014538414474468108 0.029212582841215883
0.01678406465496041 0.03134441554498734
0.019212307081152593 0.033473553052533474
0.021835085194225688 0.0356050390802039
0.024664739184722912 0.03774410720817734
0.027713450863016756 0.03989591489034584
0.030992729571582427 0.04206525276723324
0.03451295569026406 0.04425625094293159
0.038282991393766445 0.04647210730332095
0.04230986081165435 0.048714859170554854
0.046598501329101885 0.05098521448975305
0.0511515831567312 0.05328245455471453
0.055969397279692294 0.055604412572402936
0.061049812587870525 0.05794752886431323
0.06638830496478491 0.060306973198135605
0.07197806061463091 0.06267682554431067
0.07781015598472789 0.06505029715186016
0.08387381494417773 0.0674199753418865
0.09015673717224118 0.06977807233296235
0.09664549021584419 0.07211666091616438
0.10332595008225935 0.07442788261544213
0.1101837721419869 0.07670411777632018
0.11720487122961747 0.07893811243276397
0.12437588694628457 0.08112306350886778
0.13168461407084606 0.08325266540281094
0.1391203747015799 0.08532112720830304
0.14667431774944723 0.08732316950749017
0.15433963160562675 0.08925401036882154
0.16211166080081774 0.09110934797157573
0.16998792346812433 0.09288534486458805
0.17796803061518532 0.09457861625681138
0.1860535116019956 0.0961862208293262
0.19424755531683757 0.0977056508463804
0.20255468204036498 0.09913481733005602
0.21098036108740867 0.10047202586292515
0.21953059561652952 0.10171593876818298
0.22821149290679402 0.10286552342405297
0.23702884400241547 0.10391998695603719
0.24598772893418652 0.10487870106875402
0.25509216673299534 0.10574112347201499
0.2643448234505001 0.10650672226995878
0.27374678710558575 0.10717491119220789
0.28329741627240584 0.10774500235121089
0.2929942645225135 0.10821618182056178
0.3028330785288803 0.10858751133948105
0.3128078663294519 0.10885795515172446
0.32291102904884117 0.10902643139473978
0.33313354736236656 0.10909188135963005
0.34346521269089375 0.1090533517455464
0.3538948922064436 0.10891008143426847
0.364410814031605 0.10866158561710124
0.3750008620162567 0.10830773029913338
0.3856528650786531 0.10784879171628696
0.39635487000169917 0.10728549679137557
0.4070953863832637 0.10661904415585059
0.417863593937727 0.10585110456037669
0.4286495051601126 0.10498380549074912
0.4394440792539978 0.10401970049883173
0.4502392846418592 0.10296173115486795
0.4610281109587972 0.10181318201903893
0.4718045352492207 0.10057763692114904
0.4825634462641208 0.09925893553923437
0.4933005341733154 0.09786113635984171
0.5040121554879142 0.09638848399684714
0.5146951800003056 0.0948453839527505
0.52534683003526 0.09323638209813626
0.5359645210142526 0.09156614974804952
0.5465457102268457 0.0898394717190037
0.5570877625067441 0.08806123634608319
0.5675878374110976 0.08623642684928175
0.5780428028959523 0.08437011103728062
0.5884491783890217 0.0824674298418181
0.5988031078569446 0.08053358348123753
0.609100362560892 0.07857381265392904
0.6193363719045403 0.07659337646543794
0.6295062774701752 0.07459752530081327
0.6396050079424606 0.07259146844762732
0.6496273679198916 0.07058033648619261
0.6595681353172522 0.06856913985948535
0.6694221626560216 0.06656272233387558
0.6791844756526628 0.06456571356623426
0.688850364601973 0.0625824795880449
0.6984154647640075 0.060617074815481446
0.7078758211602525 0.05867319799630586
0.7172279372802325 0.05675415259476445
0.7264688032094239 0.0548628162250945
0.7355959052770502 0.05300161852868476
0.7446072137294382 0.05117252990314649
0.7535011518315208 0.04937706217526467
0.7622765455934193 0.047616279919721956
0.7709325555221026 0.045890822420289835
0.7794685943952773 0.04420093506404683
0.7878842313532598 0.04254650836792017
0.796179089100076 0.04092712092150727
0.8043527357163776 0.03934208734263216
0.8124045770709446 0.03779050563148706
0.8203337561326377 0.036271304708483054
0.8281390618790188 0.03478329052943951
0.8358188548999689 0.03332519006135178
0.8433710132953447 0.031895692710238926
0.8507929006718676 0.030493491396815446
0.8580813600363966 0.02911732207101903
0.865232731888192 0.027766002769404722
0.872242896813234 0.026438473514693646
0.8791073390761216 0.025133835165744807
0.885821227808619 0.023851386825978378
0.8923795112948578 0.022590661820874554
0.8987770190423541 0.02135145765707388
0.9050085661397956 0.020133860376062972
0.9110690556938242 0.018938260012370898
0.9169535730398691 0.017765355071155804
0.9226574683284593 0.016616146633207464
0.9281764242799408 0.015491919094929012
0.9335065059142185 0.01439421035084507
0.9386441921550488 0.013324771218872924
0.9435863875152666 0.01228551681259894
0.9483304165667115 0.01127847145418116
0.9528740023054791 0.01030571162526861
0.9572152313139023 0.009369307549088806
0.9613525093317682 0.008471268695189443
0.9652845111372296 0.007613493397625951
0.9690101275437799 0.006797725279976845
0.9725284147187058 0.006025518774903536
0.9758385459220725 0.0052982133380196665
0.9789397714667006 0.004616916542375956
0.9818313848036221 0.0039824979585132165
0.9845126983256886 0.003395590711592857
0.9869830273935872 0.0028566025191411916
0.9892416828771776 0.0023657332087077096
0.9912879709147523 0.0019229998185033874
0.9931211988810147 0.0015282653833909076
0.9947406864675571 0.0011812730088193125
0.9961457795659268 0.000881681038144979
0.9973358665546995 0.000629099914281605
0.9983103947837196 0.0004231278408813534
0.9990688868533815 0.00026338434399403223
0.9996109548842383 0.0001495397384595836
0.9999363128757551 8.133999879916158e-05
1.000044785149254 5.862493933254465e-05
