0.9999963644 -0.0000246875
0.9998853214 -0.0000179087
0.9995522158 0.0000023801
0.9989971188 0.0000360329
0.9982201567 0.0000827988
0.9972215199 0.0001423098
0.9960014775 0.0002140661
0.9945603934 0.0002974185
0.9928987455 0.0003915490
0.9910171464 0.0004954529
0.9889163639 0.0006079214
0.9865973414 0.0007275285
0.9840612158 0.0008526225
0.9813093315 0.0009813248
0.9783432501 0.0011115358
0.9751647529 0.0012409504
0.9717758365 0.0013670814
0.9681786999 0.0014872935
0.9643757228 0.0015988449
0.9603694351 0.0016989356
0.9561624796 0.0017847625
0.9517575666 0.0018535767
0.9471574265 0.0019027423
0.9423647585 0.0019297934
0.9373821833 0.0019324877
0.9322121989 0.0019088533
0.9268571461 0.0018572290
0.9213191852 0.0017762943
0.9156002865 0.0016650906
0.9097022365 0.0015230323
0.9036266608 0.0013499076
0.8973750618 0.0011458700
0.8909488707 0.0009114203
0.8843495112 0.0006473810
0.8775784702 0.0003548618
0.8706373720 0.0000352189
0.8635280520 -0.0003099914
0.8562526242 -0.0006790648
0.8488135398 -0.0010702038
0.8412136311 -0.0014815737
0.8334561400 -0.0019113587
0.8255447275 -0.0023578149
0.8174834635 -0.0028193178
0.8092767979 -0.0032944022
0.8009295129 -0.0037817930
0.7924466599 -0.0042804242
0.7838334836 -0.0047894461
0.7750953367 -0.0053082200
0.7662375895 -0.0058363014
0.7572655397 -0.0063734124
0.7481843251 -0.0069194057
0.7389988447 -0.0074742228
0.7297136916 -0.0080378484
0.7203331017 -0.0086102636
0.7108609206 -0.0091914020
0.7013005906 -0.0097811086
0.6916551613 -0.0103791053
0.6819273220 -0.0109849636
0.6721194572 -0.0115980857
0.6622337237 -0.0122176949
0.6522721467 -0.0128428347
0.6422367315 -0.0134723786
0.6321295868 -0.0141050483
0.6219530538 -0.0147394416
0.6117098357 -0.0153740695
0.6014031212 -0.0160074006
0.5910366946 -0.0166379125
0.5806150272 -0.0172641490
0.5701433441 -0.0178847789
0.5596276601 -0.0184986564
0.5490747825 -0.0191048770
0.5384922786 -0.0197028270
0.5278884059 -0.0202922221
0.5172720085 -0.0208731326
0.5066523814 -0.0214459910
0.4960391089 -0.0220115813
0.4854418833 -0.0225710098
0.4748703105 -0.0231256572
0.4643337127 -0.0236771153
0.4538409346 -0.0242271118
0.4434001643 -0.0247774268
0.4330187744 -0.0253298082
0.4227031924 -0.0258858892
0.4124588070 -0.0264471129
0.4022899147 -0.0270146695
0.3921997120 -0.0275894468
0.3821903341 -0.0281719965
0.3722629420 -0.0287625157
0.3624178547 -0.0293608432
0.3526547238 -0.0299664670
0.3429727426 -0.0305785416
0.3333708822 -0.0311959121
0.3238481434 -0.0318171421
0.3144038114 -0.0324405443
0.3050377019 -0.0330642124
0.2957503836 -0.0336860541
0.2865433654 -0.0343038253
0.2774192369 -0.0349151651
0.2683817523 -0.0355176326
0.2594358506 -0.0361087438
0.2505876092 -0.0366860084
0.2418441293 -0.0372469635
0.2332133561 -0.0377892024
0.2247038405 -0.0383103955
0.2163244525 -0.0388083013
0.2080840581 -0.0392807659
0.1999911756 -0.0397257116
0.1920536283 -0.0401411154
0.1842782122 -0.0405249814
0.1766703953 -0.0408753111
0.1692340676 -0.0411900764
0.1619713560 -0.0414672013
0.1548825178 -0.0417045540
0.1479659219 -0.0418999530
0.1412181221 -0.0420511845
0.1346340239 -0.0421560285
0.1282071380 -0.0422122870
0.1219299100 -0.0422178065
0.1157941091 -0.0421704866
0.1097912559 -0.0420682695
0.1039130648 -0.0419091045
0.0981518768 -0.0416908904
0.0925010614 -0.0414113980
0.0869553676 -0.0410681832
0.0815112115 -0.0406585015
0.0761668951 -0.0401792372
0.0709227526 -0.0396268613
0.0657812313 -0.0389974285
0.0607469118 -0.0382866224
0.0558264742 -0.0374898534
0.0510286177 -0.0366024104
0.0463639338 -0.0356196624
0.0418447324 -0.0345373021
0.0374848159 -0.0333516202
0.0332991922 -0.0320597929
0.0293037223 -0.0306601640
0.0255146956 -0.0291524974
0.0219483389 -0.0275381760
0.0186202691 -0.0258203221
0.0155449129 -0.0240038222
0.0127349266 -0.0220952413
0.0102006539 -0.0201026277
0.0079496634 -0.0180352196
0.0059864038 -0.0159030747
0.0043120043 -0.0137166577
0.0029242378 -0.0114864218
0.0018176466 -0.0092224204
0.0009838226 -0.0069339816
0.0004118200 -0.0046294658
0.0000886740 -0.0023161162
0.0000000000 -0.0000000000
0.0001306425 0.0023139769
0.0004653499 0.0046219885
0.0009894489 0.0069211736
0.0016894942 0.0092095276
0.0025538669 0.0114858055
0.0035732944 0.0137494613
0.0047412633 0.0160006316
0.0060542995 0.0182401627
0.0075120954 0.0204696675
0.0091174726 0.0226915931
0.0108761842 0.0249092722
0.0127965698 0.0271269311
0.0148890943 0.0293496341
0.0171658069 0.0315831495
0.0196397615 0.0338337370
0.0223244376 0.0361078638
0.0252331947 0.0384118691
0.0283787817 0.0407516019
0.0317729146 0.0431320573
0.0354259246 0.0455570393
0.0393464733 0.0480288724
0.0435413279 0.0505481791
0.0480151894 0.0531137372
0.0527705674 0.0557224232
0.0578077011 0.0583692425
0.0631245283 0.0610474443
0.0687167069 0.0637487114
0.0745776979 0.0664634117
0.0806989141 0.0691808962
0.0870699409 0.0718898216
0.0936788260 0.0745784793
0.1005124336 0.0772351091
0.1075568472 0.0798481810
0.1147978063 0.0824066319
0.1222211506 0.0849000489
0.1298132505 0.0873187972
0.1375613984 0.0896540959
0.1454541416 0.0918980491
0.1534815381 0.0940436408
0.1616353261 0.0960847066
0.1699090007 0.0980158892
0.1782977980 0.0998325889
0.1867985914 0.1015309121
0.1954097096 0.1031076237
0.2041306896 0.1045601023
0.2129619798 0.1058863006
0.2219046103 0.1070847078
0.2309598489 0.1081543144
0.2401288613 0.1090945795
0.2494123908 0.1099053985
0.2588104753 0.1105870754
0.2683222126 0.1111402985
0.2779455839 0.1115661220
0.2876773431 0.1118659547
0.2975129733 0.1120415551
0.3074467116 0.1120950330
0.3174716359 0.1120288552
0.3275798093 0.1118458525
0.3377624711 0.1115492238
0.3480102631 0.1111425357
0.3583134793 0.1106297124
0.3686623246 0.1100150145
0.3790471708 0.1093030065
0.3894587958 0.1084985128
0.3998885972 0.1076065637
0.4103287707 0.1066323354
0.4207724463 0.1055810872
0.4312137790 0.1044580993
0.4416479920 0.1032686156
0.4520713724 0.1020177939
0.4624812221 0.1007106658
0.4728757678 0.0993521065
0.4832540357 0.0979468148
0.4936156968 0.0964993017
0.5039608911 0.0950138854
0.5142900385 0.0934946908
0.5246036452 0.0919456510
0.5349021136 0.0903705092
0.5451855647 0.0887728191
0.5554536808 0.0871559431
0.5657055735 0.0855230499
0.5759396844 0.0838771097
0.5861537195 0.0822208899
0.5963446200 0.0805569518
0.6065085696 0.0788876491
0.6166410344 0.0772151298
0.6267368334 0.0755413398
0.6367902338 0.0738680302
0.6467950654 0.0721967661
0.6567448477 0.0705289361
0.6666329230 0.0688657619
0.6764525902 0.0672083062
0.6861972307 0.0655574793
0.6958604252 0.0639140427
0.7054360525 0.0622786112
0.7149183710 0.0606516530
0.7243020775 0.0590334903
0.7335823435 0.0574242990
0.7427548294 0.0558241125
0.7518156749 0.0542328267
0.7607614696 0.0526502107
0.7695892055 0.0510759207
0.7782962126 0.0495095201
0.7868800841 0.0479505029
0.7953385924 0.0463983219
0.8036696020 0.0448524197
0.8118709824 0.0433122619
0.8199405262 0.0417773723
0.8278758765 0.0402473671
0.8356744663 0.0387219909
0.8433334748 0.0372011496
0.8508498007 0.0356849436
0.8582200554 0.0341736974
0.8654405754 0.0326679876
0.8725074534 0.0311686663
0.8794165854 0.0296768808
0.8861637315 0.0281940861
0.8927445867 0.0267220520
0.8991548563 0.0252628600
0.9053903335 0.0238188925
0.9114469726 0.0223928104
0.9173209542 0.0209875215
0.9230087403 0.0196061387
0.9285071141 0.0182519289
0.9338132049 0.0169282561
0.9389244968 0.0156385180
0.9438388207 0.0143860819
0.9485543338 0.0131742198
0.9530694858 0.0120060468
0.9573829781 0.0108844653
0.9614937164 0.0098121154
0.9654007631 0.0087913355
0.9691032896 0.0078241318
0.9726005338 0.0069121585
0.9758917634 0.0060567089
0.9789762475 0.0052587172
0.9818532353 0.0045187692
0.9845219453 0.0038371239
0.9869815614 0.0032137426
0.9892312368 0.0026483256
0.9912701043 0.0021403553
0.9930972915 0.0016891442
0.9947119396 0.0012938856
0.9961132238 0.0009537069
0.9973003755 0.0006677217
0.9982727026 0.0004350802
0.9990296096 0.0002550164
0.9995706143 0.0001268883
0.9998953620 0.0000502122
1.0000036356 0.0000246875
