1.0000586437534311 -9.054568864132195e-05
0.9999468043528098 -8.051041694447265e-05
0.9996113049659059 -5.0451355755121077e-05
0.9990522039430006 -5.109621007337237e-07
0.9982696061846669 6.906652108670374e-05
0.9972636740680325 0.00015792439179104474
0.9960346427781921 0.00026558072655220475
0.9945828376455097 0.0003914132230288703
0.9929086947861084 0.0005346427506752716
0.991012782337687 0.0006943188028867922
0.9888958218945988 0.0008693052496361994
0.9865587083291742 0.0010582716861607647
0.9840025274032175 0.0012596887762305496
0.9812285679618263 0.0014718307821238058
0.978238329809283 0.001692785384012565
0.9750335234626066 0.0019204725794140416
0.9716160623859568 0.0021526713641863322
0.9679880473019622 0.0023870557940805456
0.9641517402868568 0.0026212376212052853
0.9601095324481884 0.002852816014740931
0.9558639032932129 0.0030794310612442134
0.9514173749921414 0.0032988193524125828
0.9467724642411517 0.0035088696669499987
0.9419316341342437 0.003707675052443585
0.9368972496451642 0.0038935808161001013
0.9316715407306855 0.004065223834186582
0.9262565759545005 0.004221563487301351
0.9206542499358954 0.004361902529590662
0.9148662879293376 0.004485895400028682
0.9088942667283447 0.004593546673786562
0.902739654701983 0.004685196260582176
0.8964038674583508 0.004761493641401942
0.8898883389330844 0.004823361943100783
0.8831946024058511 0.004871950637366918
0.8763243795386904 0.004908579359374506
0.8692796691330329 0.004934674125721942
0.8620628337044238 0.004951696346985139
0.8546766760666115 0.004961068015706092
0.8471245021203511 0.0049640949604720565
0.839410165541768 0.004961890255511204
0.8315380915565332 0.0049553033789065445
0.8235132774983774 0.0049448557137737595
0.8153412695379416 0.004930688090911168
0.8070281172782691 0.00491252187709525
0.7985803073078463 0.004889637311713919
0.7900046789099502 0.004860869599600446
0.7813083257270634 0.004824623269405435
0.7724984880781323 0.004778905709054975
0.7635824392382402 0.004721375986416867
0.7545673713833853 0.004649407869186687
0.7454602848094409 0.004560163352852273
0.7362678838380731 0.004450671505108263
0.7269964844137724 0.004317910939013896
0.7176519367104285 0.0041588884230268665
0.7082395640469454 0.003970713831107548
0.69876412332737 0.0037506651456922164
0.6892297877055297 0.0034962435152556025
0.6796401527798261 0.003205216069664639
0.6699982683186747 0.0028756462982392353
0.6603066939138865 0.0025059130865845635
0.6505675769610175 0.002094718808261462
0.6407827511617746 0.0016410884668652073
0.6309538504452995 0.0011443611759748683
0.6210824328007255 0.0006041770634469727
0.6111701088210276 2.0459587273878197e-05
0.6012186671537622 -0.000606604956168018
0.5912301906542917 -0.0012765889467229094
0.5812071559407817 -0.0019888456958545627
0.5711525105529501 -0.0027425332570914333
0.561069723105984 -0.003536636302833525
0.5509628018455339 -0.004369988478818797
0.5408362800976476 -0.005241292739943096
0.5306951691136421 -0.006149139666204794
0.5205448776081928 -0.007092023060496591
0.5103911031871883 -0.008068351415469093
0.5002397000670521 -0.009076455938650517
0.4900965289820782 -0.010114593721326816
0.47996729718343933 -0.011180947531762485
0.4698573976273849 -0.012273621210400765
0.4597717547585025 -0.01339063304884959
0.4497146878877669 -0.014529907025619796
0.43968979926977625 -0.015689263681161043
0.4296998950798884 -0.016866410912042086
0.419746945592715 -0.01805893526879058
0.4098320893636759 -0.01926429444559374
0.3999556837106605 -0.0204798097562109
0.39011740219775914 -0.021702659394375386
0.3803163764166479 -0.02292987068532644
0.37055137826760637 -0.02415831213780804
0.3608210359387126 -0.02538468471324797
0.35112407478864976 -0.02660551453373771
0.3414595743333961 -0.027817147150439803
0.3318272290476488 -0.029015747802638183
0.3222276016829836 -0.03019730849520008
0.31266235841703344 -0.03135766772072854
0.30313447203569766 -0.03249254366031829
0.2936483831540612 -0.03359758318748417
0.2842101092797438 -0.03466842820032529
0.2748272911123188 -0.03570079670798367
0.2655091694699764 -0.0366905750876282
0.2562664892328728 -0.03763391722082476
0.24711132568081562 -0.03852734142062461
0.2380568384068373 -0.039367817636614455
0.22911695628403664 -0.04015283572935394
0.22030600606992037 -0.040880448383254255
0.21163829672854845 -0.04154928062818451
0.20312767966894688 -0.04215850532016413
0.1947871033021902 -0.04270778553591761
0.18662818412396828 -0.04319718662672457
0.17866081455182123 -0.043627069781884846
0.17089282833320113 -0.043997973650660445
0.16332973976215784 -0.044310499382834274
0.15597457192770534 -0.04456520845050169
0.1488277829176801 -0.044762542929192475
0.14188729819305873 -0.04490277431815256
0.1351486495349453 -0.04498598179879966
0.12860521815538756 -0.045012056337261956
0.12224857305509287 -0.044980723752893435
0.11606889149809882 -0.044891574584997776
0.11005544237912694 -0.04474409090497648
0.10419710735174632 -0.04453765713562734
0.09848291519923433 -0.04427154753782669
0.09290255994232563 -0.04394488803710286
0.08744687688491011 -0.04355659285350595
0.08210825592207298 -0.043105285885616816
0.07688097343289761 -0.04258921599462526
0.07176143769982611 -0.04200618320095988
0.06674834168752854 -0.04135348920866654
0.061842731812957956 -0.040627925136360626
0.05704799683361269 -0.039825807444644035
0.05236978906257084 -0.03894306552999309
0.047815885114698864 -0.0379753827674172
0.0433959936727064 -0.036918386383470045
0.039121512248957026 -0.03576787635472756
0.03500523551353518 -0.034520081325379204
0.031061011947045625 -0.03317192465184791
0.027303349070712083 -0.03172128127375979
0.02374697010682613 -0.030167206304194
0.020406328014968805 -0.028510113124534314
0.017295091663655525 -0.026751884547599032
0.014425627003665543 -0.02489590329281116
0.011808499022825781 -0.02294699351002711
0.009452028691976078 -0.020911277267961163
0.007361937425365149 -0.018795955427304563
0.0055411061011073955 -0.01660903143212721
0.0039894728060174325 -0.014359004160254284
0.0027040789694286805 -0.012054556108945269
0.0016792652486613978 -0.009704262412603384
0.0009070059199961098 -0.007316342620220429
0.00037736480223760343 -0.004898466274303356
7.904442868368967e-05 -0.0024576187608137926
0.0 0.0
0.00012808864490332738 0.0024689923492890883
0.0004517184464642949 0.004944752984633172
0.0009604627974893321 0.007423487869949002
0.0016456104956644973 0.009902216887422538
0.0025006218082629372 0.012378788758387186
0.0035214641033008164 0.014851909468263072
0.0047068086545701245 0.017321181150346192
0.006058078557688919 0.01978713630367117
0.007579346791087166 0.022251253542531536
0.009277097870057007 0.024715935310648997
0.011159872824036726 0.027184435308443732
0.013237828129722287 0.029660722408649223
0.015522239492294506 0.03214928423620246
0.018024984171711004 0.03465487169522783
0.020758028708269916 0.03718220310916838
0.0237329454122308 0.03973564233152951
0.026960469153805327 0.0423188767556654
0.03045010510457892 0.04493461514984441
0.034209786476789884 0.047584327115315884
0.03824558411646893 0.05026804207199378
0.04256146481899098 0.05298422056409974
0.04715910044466854 0.055729706990899276
0.05203772982774502 0.05849976646743804
0.057194081284171264 0.06128820363445426
0.06262236323632892 0.06408755603592188
0.06831433359399065 0.06688934609032347
0.07425945492639426 0.06968437747289906
0.08044514058882155 0.07246305012148273
0.08685708894915722 0.0752156753588558
0.09347969777638344 0.07793276591203152
0.10029654242915281 0.0806052852882134
0.10729089657891104 0.08322484245512209
0.11444626738387398 0.08578382515665159
0.12174692030901911 0.08827547380289981
0.1291783644742384 0.09069390316303484
0.13672777540884973 0.09303408070419894
0.1443843366707432 0.09529177853093301
0.1521394857021894 0.09746351028920594
0.1599870560913674 0.09954646561584118
0.16792331261947052 0.10153845032446858
0.1759468810825711 0.1034378367329033
0.18405858008748396 0.10524352444964566
0.19226116333069765 0.10695490794040312
0.20055898847089107 0.10857184661421482
0.20895762911243582 0.11009463036975092
0.21746344871211515 0.11152393564800502
0.2260831592193126 0.11286076784742607
0.23482338445231393 0.11410638905064563
0.24369024840599063 0.11526223301243821
0.25268900708220854 0.11632981095461643
0.2618237372269454 0.11731061470077293
0.2710970935561432 0.11820602447935565
0.2805101388506188 0.11901722940586568
0.2900622513099459 0.11974516475497915
0.299751104447134 0.12039047341101945
0.3095727181243556 0.12095349139333995
0.31952156982754315 0.12143425832982614
0.3295907599862614 0.12183255026328796
0.33977221905020194 0.12214793016052733
0.3500569455360904 0.1223798104975558
0.360435263259055 0.12252752219197931
0.3708970860647071 0.12259038325381601
0.3814321783737709 0.12256776232600762
0.392030399549616 0.12245913288514518
0.4026819240963383 0.12226411498275826
0.4133774277864355 0.12198250490283516
0.42410823302129147 0.12161429141911283
0.43486641081956356 0.12115966064574003
0.44564483492586626 0.12061899257024537
0.45643718983581505 0.11999285087322908
0.4672379357310306 0.11928196864214348
0.4780422328147567 0.11848723378529467
0.4888458341495404 0.1176096735684318
0.499644952283685 0.11665044368693267
0.510436109775541 0.11561081819841904
0.5212159821028275 0.11449218553667555
0.5319812419643315 0.11329604762900009
0.5427284128695367 0.11202402393639499
0.553453741118365 0.11067785953896664
0.5641530907715125 0.10925943707783846
0.5748218679128286 0.10777079196906278
0.5854549766074256 0.10621412939543395
0.5960468085572255 0.10459184238112021
0.6065912655591132 0.10290652884690882
0.6170818136703659 0.10116100574336652
0.6275115639865365 0.09935831814938856
0.6378733760352429 0.09750174192630896
0.6481599781942363 0.09559477651382062
0.65836409673058 0.0936411291470566
0.6684785879688173 0.09164468728132608
0.678496566782745 0.08960948140778557
0.6884115237076179 0.08753963954111878
0.6982174276727983 0.0854393333718517
0.7079088078398706 0.08331272216730991
0.7174808133454968 0.08116389471826867
0.7269292486372154 0.07899681412562787
0.7362505837948171 0.07681526842562908
0.7454419410301658 0.07462282995655443
0.7545010587615265 0.0724228250703437
0.7634262344582218 0.07021831589207296
0.7722162512543695 0.06801209463958216
0.780870288432934 0.06580669000349824
0.7893878215844925 0.06360438380191374
0.7977685152414498 0.06140723761660309
0.8060121118953056 0.059217126320370565
0.8141183221043341 0.05703577550708998
0.8220867192914182 0.05486480293328293
0.8299166451438186 0.05270575918575037
0.8376071282126569 0.0505601684816444
0.845156820420209 0.048429566312540986
0.8525639541735265 0.0463155345391477
0.8598263221873276 0.04421973274181066
0.8669412807166488 0.04214392562854198
0.8739057758007317 0.04009000589958626
0.8807163905164309 0.038060013263608895
0.8873694102453312 0.0360561478981384
0.8938609023553195 0.03408077804541629
0.900186803696389 0.03213644182743387
0.9063430136170701 0.03022584067451136
0.9123254837973372 0.028351826046032765
0.9181303027034041 0.026517377237936592
0.9237537682617247 0.024725571361230162
0.9291924462514698 0.02297954578538264
0.9344432123115527 0.02128245464143091
0.9395032753587692 0.01963742077938738
0.9443701843118892 0.018047485284612762
0.9490418175170258 0.016515556451673564
0.9535163583656764 0.015044361724275382
0.9577922609036982 0.01363640331060886
0.9618682071263025 0.012293919478280159
0.9657430602529073 0.011018854039386204
0.9694158189813431 0.009812834238022199
0.9728855731219022 0.008677156841205007
0.9761514648055659 0.007612784743527527
0.9792126571723032 0.0066203516902207295
0.9820683104359975 0.0057001765183733715
0.9847175668311632 0.004852284820002185
0.987159544439972 0.00407643862697072
0.9893933378047592 0.0033721720126021594
0.9914180264264995 0.002738832412690116
0.9932326880539262 0.002175625758294527
0.9948364169662481 0.0016816642208177875
0.9962283441516823 0.0012560156617452238
0.9974076591886837 0.0008977519865668441
0.99837363243037 0.0006059961994402993
0.9991256348990303 0.0003799653522137017
0.9996631571941511 0.00021900799100743606
0.9999858238149594 0.00012263569150874074
1.0000934052048427 9.054568864064281e-05
